east north cat Gh_id Elevation
-538879.27434827 -1194471.92201342 1 B1BLAT01 210.00000000
-512578.05751124 -1186631.04507735 2 B1BOJK01 310.00000000
-546587.40313664 -1177940.9262542 3 B1BUCH01 257.00000000
-519021.77073871 -1146250.03156611 4 B1BYSH01 314.00000000
-549933.76080844 -1189612.74466636 5 B1BZEN01 182.00000000
-524832.09616932 -1142568.51319568 6 B1DREV01 238.00000000
-536848.86626524 -1167272.9048773 7 B1HALE01 352.00000000
-511894.42847726 -1173874.05027927 8 B1HLHO01 348.00000000
-532946.70472833 -1190739.13254475 9 B1HLUK01 225.00000000
-565973.82520102 -1202234.27574205 10 B1HODO01 172.00000000
-527090.9823215 -1153958.98440804 11 B1HOLE01 222.25000000
-527112.22862746 -1153952.04553065 12 B1HOLE02 222.30000000
-561987.6824679 -1151792.55262858 13 B1IVAN01 243.00000000
-513402.36313579 -1181641.49537355 14 B1KLZI01 329.00000000
-546680.07948941 -1148465.87093509 15 B1KOJE01 203.00000000
-553566.077614 -1135821.3848221 16 B1KRAL01 210.00000000
-542291.46048906 -1156496.47606792 17 B1KROM01 233.00000000
-535110.02837599 -1161597.18298506 18 B1KVAS01 190.00000000
-571781.60386741 -1161133.08148092 19 B1LYSO01 275.00000000
-552423.50557687 -1160299.94527216 20 B1MSLI01 289.00000000
-560415.62962735 -1118886.73048473 21 B1NAMH01 247.00000000
-525208.88850149 -1192109.49926399 22 B1NIVN01 241.00000000
-565765.93201111 -1133648.60140402 23 B1PLUM01 297.00000000
-567508.11758145 -1144493.82408274 24 B1PODI01 375.00000000
-557107.00322842 -1136269.50431849 25 B1PROS01 214.75000000
-557107.00322842 -1136269.50431849 26 B1PROS02 214.80000000
-578713.07799853 -1131211.89997269 27 B1PROT01 675.00000000
-549080.95330598 -1202848.28570436 28 B1RADE01 240.00000000
-507150.48084257 -1182092.08643455 29 B1SLIN01 362.00000000
-509565.67250265 -1194958.46362886 30 B1STHR01 412.00000000
-500524.4557589 -1184087.67082985 31 B1STIT01 315.00000000
-539521.45658525 -1178330.67353421 32 B1STME01 221.00000000
-521375.10346622 -1201103.71591637 33 B1STRN01 383.00000000
-548455.88320259 -1198965.54274261 34 B1STRZ01 176.00000000
-543142.41361697 -1164542.64406167 35 B1UJED01 336.00000000
-524713.4116804 -1206151.87229425 36 B1VEJATT 961.00000000
-513635.4164041 -1158915.73792078 37 B1VELI01 392.00000000
-535639.17811022 -1202478.54606228 38 B1VELV01 289.00000000
-508277.0832762 -1166616.05489571 39 B1VIZO01 313.00000000
-496673.30002028 -1177023.12640552 40 B1VKLO01 402.00000000
-522659.36149652 -1163749.63642845 41 B1ZLIN01 283.00000000
-590692.38687425 -1151069.0447827 42 B2BABI01 470.00000000
-687703.41078921 -1141040.15291057 43 B2BATE01 643.00000000
-665137.26481692 -1181862.17645125 44 B2BITO01 425.00000000
-601501.43532015 -1159634.55209383 45 B2BJUN01 260.00000000
-593141.58831392 -1142887.97983422 46 B2BLAN01 299.00000000
-647745.56261323 -1123084.32735848 47 B2BOHD01 583.00000000
-625815.50883053 -1198062.33775209 48 B2BOZI01 216.00000000
-613469.18975187 -1184701.73284874 49 B2BRAS01 200.00000000
-600341.32100052 -1108547.820066 50 B2BRES01 387.00000000
-607273.49196964 -1195762.75209939 51 B2BROD01 177.00000000
-664208.8025017 -1140692.50216729 52 B2BRTN01 517.00000000
-592799.43185893 -1166036.20129505 53 B2BTUR01 241.00000000
-592798.11350579 -1166031.42151771 54 B2BTUR02 241.00000000
-569475.66864121 -1171072.35373817 55 B2BUCO01 238.00000000
-640932.22193564 -1147389.92963948 56 B2BUDI01 485.00000000
-583141.66863578 -1150971.49283142 57 B2BUKA01 511.00000000
-619703.21319529 -1121561.88972327 58 B2BYSP01 553.00000000
-600826.26207872 -1158074.79130253 59 B2BZAB01 236.00000000
-596450.60260861 -1160583.9324778 60 B2BZID01 200.00000000
-692921.52484961 -1163331.10136183 61 B2CRUD01 520.00000000
-684655.18194734 -1163266.47118464 62 B2DACI01 486.00000000
-611517.00332295 -1196909.29335284 63 B2DRNH01 210.00000000
-565378.51511938 -1194861.13711359 64 B2DUBN01 200.00000000
-633722.33733011 -1167938.87268986 65 B2DUKO01 400.15000000
-633722.44506892 -1167911.54989658 66 B2DUKO02 400.00000000
-599407.1840379 -1195060.21339931 67 B2DVES01 172.00000000
-626306.05772749 -1205325.44567749 68 B2DYJA01 187.00000000
-629520.95512451 -1178860.47315037 69 B2DZBA01 337.00000000
-605817.97970608 -1140011.0593288 70 B2HAJE01 409.00000000
-600394.12446029 -1100553.72119219 71 B2HRAS01 446.00000000
-639019.6066449 -1165657.30353211 72 B2HROT01 425.00000000
-576246.62034642 -1208157.31719414 73 B2HRUS01 174.00000000
-678076.98117134 -1129343.44827206 74 B2HUBE01 570.00000000
-592565.46381399 -1189261.5540088 75 B2HUST01 201.00000000
-558631.9645522 -1184299.95395097 76 B2HYSL01 217.00000000
-630859.87981164 -1206345.35447857 77 B2JARS01 190.00000000
-674154.81741683 -1171065.23524968 78 B2JEMN01 502.00000000
-667127.26555736 -1129193.60593602 79 B2JIHL01 468.00000000
-630967.10618415 -1107856.58029369 80 B2KADO01 672.00000000
-580990.15989627 -1184835.92487455 81 B2KLOB01 205.00000000
-683270.54938176 -1154914.29368165 82 B2KMYS01 569.00000000
-683256.78200692 -1154822.65699751 83 B2KMYS02 569.00000000
-588012.22687141 -1123607.23042741 84 B2KNIN01 369.00000000
-581302.94424997 -1191142.57250926 85 B2KOBY01 175.00000000
-558453.71227336 -1175219.30147525 86 B2KORC01 305.00000000
-631148.22755331 -1102443.26264871 87 B2KRIZ01 615.00000000
-640015.54760955 -1191219.86467587 88 B2KUCH01 334.00000000
-639916.14259471 -1191075.82530736 89 B2KUCH02 334.00000000
-602382.88554294 -1148497.80095465 90 B2KURI01 291.00000000
-578213.47268108 -1215463.91815542 91 B2LANZ01 158.00000000
-660031.78109774 -1174101.16004713 92 B2LAZT01 432.00000000
-589026.60648461 -1206743.66615562 93 B2LEDN01 177.00000000
-624019.95675867 -1114418.95493864 94 B2LISE01 688.00000000
-653270.25670643 -1192422.84235163 95 B2LUKO01 403.00000000
-611025.24997764 -1171948.98581923 96 B2MBRA01 210.00000000
-657947.15260827 -1168971.29770551 97 B2MBUD01 460.00000000
-600516.98879707 -1204479.58560464 98 B2MIKU01 224.00000000
-581632.77784167 -1174953.19436883 99 B2MILE01 242.00000000
-621984.31597821 -1175424.71455075 100 B2MKRU01 255.00000000
-631570.62263097 -1155357.75630254 101 B2NAMO01 390.00000000
-614331.3547783 -1109828.73378337 102 B2NEDV01 722.00000000
-560044.5748511 -1166341.2206775 103 B2NEMO01 283.00000000
-632585.43281176 -1116293.5505023 104 B2NMES01 601.00000000
-656837.98660026 -1147422.34196916 105 B2NOVE01 422.00000000
-595413.81393061 -1132356.26890181 106 B2OBOR01 425.00000000
-607584.19438628 -1119062.0383447 107 B2OLES01 543.00000000
-649059.431284 -1137582.39206018 108 B2PAVL01 559.00000000
-606479.99027949 -1183421.70800093 109 B2POHO01 180.00000000
-616223.88917944 -1100471.55238 110 B2POLI01 552.00000000
-641132.94638321 -1126253.7934247 111 B2RADO01 512.00000000
-579336.81979711 -1140068.99041366 112 B2ROZS01 571.00000000
-645908.51440024 -1200831.44689033 113 B2SATO01 238.00000000
-633776.77014847 -1159506.901718 114 B2SEDC01 474.00000000
-633774.00060974 -1159510.91287421 115 B2SEDC02 474.00000000
-578946.03136104 -1167003.93462229 116 B2SLAB01 211.00000000
-585518.37561063 -1137580.06346024 117 B2SOSU01 533.00000000
-696283.36521924 -1167855.22632995 118 B2STAL01 639.00000000
-662967.66625341 -1153532.32468287 119 B2STEM01 617.00000000
-614189.10333448 -1124425.9250644 120 B2STEP01 365.00000000
-549481.94946547 -1172270.22268293 121 B2STHU01 427.00000000
-624774.67194005 -1130283.81632458 122 B2STRA01 445.00000000
-646037.27276489 -1177952.67281135 123 B2STRE01 325.00000000
-597583.29185678 -1116739.74890506 124 B2SVLK01 395.00000000
-588523.59814054 -1178922.10845377 125 B2TESA01 209.00000000
-651236.26636322 -1151569.03316213 126 B2TREB01 463.00000000
-678763.35796921 -1140375.34199821 127 B2TRES01 574.00000000
-605701.13327479 -1162241.53157534 128 B2TROU01 278.00000000
-592477.83705364 -1211609.7860232 129 B2VALT01 195.00000000
-640283.58720125 -1119323.60927293 130 B2VATI01 558.00000000
-624986.02949767 -1146969.4278883 131 B2VBIT01 485.00000000
-609939.73286619 -1150342.06342327 132 B2VEBI01 246.00000000
-622308.48581036 -1111066.57903215 133 B2VECO01 550.00000000
-614898.95192635 -1117621.06646625 134 B2VIRP01 473.00000000
-639552.26172395 -1138470.80147317 135 B2VMEZ01 452.00000000
-659121.15253036 -1186245.38303643 136 B2VRAN01 354.00000000
-659097.27759076 -1131652.01654512 137 B2VSTU01 568.00000000
-615928.79478094 -1159044.95678509 138 B2ZAST01 375.00000000
-569296.11014669 -1177567.25564982 139 B2ZDAN01 238.00000000
-599589.98435993 -1178856.63611681 140 B2ZIDL01 183.00000000
-781385.48548652 -1145833.21266984 141 C1BAVO01 416.00000000
-756043.74343794 -1122165.88541348 142 C1BERN01 485.00000000
-814454.75363538 -1156024.05499992 143 C1BLAD01 898.00000000
-792098.32708835 -1109532.47264836 144 C1BLAT01 452.00000000
-784941.11517815 -1096981.48212277 145 C1BREZ01 493.00000000
-827553.26750297 -1158103.18367637 146 C1BRZKTT 1154.00000000
-776955.40474361 -1176690.63684045 147 C1CDVU01 592.00000000
-786175.95080969 -1188771.79859389 148 C1CERP01 740.00000000
-803740.79043995 -1111225.67383348 149 C1CHAN01 533.00000000
-775701.30634302 -1147156.9004165 150 C1CHEL01 451.00000000
-816563.71813307 -1146966.30621568 151 C1CHUR01 1117.80000000
-816577.12358358 -1146968.02586747 152 C1CHUR02 1118.00000000
-824144.87145126 -1150111.50488327 153 C1FILHTT 1112.00000000
-824105.2144091 -1150171.24623107 154 C1FILH01 1110.00000000
-820425.84135452 -1148079.58916502 155 C1HKVI01 1052.00000000
-813356.5822048 -1116918.69988137 156 C1HLHO01 483.00000000
-757598.81087822 -1157042.62093797 157 C1HLUB01 410.00000000
-789845.92952806 -1152679.20195973 158 C1HUSI01 483.00000000
-800952.5899431 -1179053.68638873 159 C1JELE01 810.00000000
-797662.18401429 -1127017.41644403 160 C1KATO01 412.00000000
-780287.89512026 -1129812.52492851 161 C1KEST01 381.00000000
-820012.87237972 -1137769.29779672 162 C1KHOR01 728.00000000
-806590.60958165 -1157673.52076496 163 C1KHUT01 997.00000000
-791425.52067972 -1175308.42706107 164 C1KNSTTT 1126.00000000
-794030.72752163 -1105439.58787085 165 C1KOCE01 519.00000000
-794038.68563569 -1105438.40526079 166 C1KOCE02 519.00000000
-817674.8614634 -1159296.7069617 167 C1KPLATT 1018.00000000
-776935.79021782 -1105907.04049042 168 C1KRSI01 430.00000000
-783653.0910527 -1170266.33904706 169 C1KTIS01 758.00000000
-819976.71124654 -1151983.1975333 170 C1KVIL01 1059.00000000
-817004.93854715 -1116949.33460051 171 C1NALH01 495.00000000
-769685.39344971 -1157935.34083808 172 C1NEMC01 436.00000000
-769810.96214384 -1104849.66017609 173 C1ORLV01 431.00000000
-766547.67154503 -1133791.42063955 174 C1PASE01 482.00000000
-804228.24992156 -1182179.03685834 175 C1PLCHTT 1344.00000000
-832490.13990701 -1145059.7090121 176 C1POLETT 1312.00000000
-833024.09420876 -1140157.86680414 177 C1PRAS01 883.00000000
-790184.41874203 -1157674.17567603 178 C1PRCH01 607.00000000
-801002.17710826 -1097030.97168825 179 C1RADO01 570.00000000
-831793.20993814 -1150630.38599766 180 C1ROSLTT 1096.00000000
-789836.83197222 -1090565.236827 181 C1ROZM01 524.00000000
-788088.20106471 -1116586.54862182 182 C1SEDL01 511.00000000
-824725.0571259 -1146615.95993078 183 C1SRNI01 930.00000000
-805025.48905442 -1172414.01614427 184 C1STOZ01 797.00000000
-794258.88291001 -1129300.83842087 185 C1STRA01 404.00000000
-812889.51400084 -1135190.22248099 186 C1STRS01 637.00000000
-811579.5374246 -1166015.6450072 187 C1STRZ01 811.00000000
-820214.98095016 -1127379.37966319 188 C1SUSI01 484.00000000
-762006.17281317 -1140254.91715101 189 C1TEME01 500.00000000
-762029.0818329 -1140249.27146773 190 C1TEME02 503.00000000
-780191.68282217 -1093454.09071975 191 C1TOCH01 494.00000000
-807449.09890515 -1140794.71876128 192 C1VACP01 738.00000000
-804520.80782963 -1149027.72083886 193 C1VIMP01 637.00000000
-814582.75064939 -1120965.13206617 194 C1VLKO01 493.00000000
-799540.92199611 -1167436.26279472 195 C1VOLA01 758.00000000
-798912.7677081 -1168287.50636042 196 C1VOLR01 749.00000000
-796908.21279352 -1136683.08009123 197 C1VOLY01 448.00000000
-774499.31608277 -1117533.54342653 198 C1VRAZ01 433.00000000
-795848.75706748 -1145596.4059185 199 C1ZALE01 569.00000000
-831334.25303516 -1126983.9265755 200 C1ZAMY01 800.00000000
-787655.53324806 -1104115.982212 201 C1ZAVI01 501.00000000
-793221.27550153 -1166353.56447782 202 C1ZBYT01 792.00000000
-751287.58901415 -1130318.42603628 203 C2BECH01 409.00000000
-748278.11802795 -1194512.56653131 204 C2BENC01 665.00000000
-752723.94061377 -1187133.29967223 205 C2BESE01 593.00000000
-740582.85527348 -1142042.82659122 206 C2BORK01 419.00000000
-775103.24224089 -1168842.87653858 207 C2BRLO01 559.00000000
-734513.59297228 -1186757.4415086 208 C2BYNO01 475.00000000
-756508.49253783 -1168609.56893926 209 C2CBUD01 394.60000000
-756509.15606206 -1168614.41699749 210 C2CBUD02 394.60000000
-714910.70250054 -1128663.17615726 211 C2CERN01 580.00000000
-722634.43307905 -1172446.5259535 212 C2CHLT01 462.00000000
-725002.40737441 -1121640.41157404 213 C2CHYN01 498.00000000
-767796.00957017 -1180492.70955784 214 C2CKRU01 554.00000000
-761611.48597122 -1200865.309922 215 C2DDVO01 606.00000000
-727713.97071435 -1111207.14374644 216 C2HLAS01 547.00000000
-731058.67419995 -1186962.55141271 217 C2HRNH01 479.00000000
-718171.55993922 -1150880.91570315 218 C2JHRA01 524.00000000
-744209.53459806 -1110519.88908394 219 C2JIST01 580.00000000
-708706.53736775 -1137809.82976784 220 C2KAML01 557.00000000
-758591.44489456 -1174576.12947587 221 C2KAMU01 507.00000000
-725079.66944388 -1146521.75817678 222 C2KARD01 450.00000000
-771284.33039997 -1176444.83466997 223 C2KLET01 1062.00000000
-759932.81007987 -1103771.61088169 224 C2KOVA01 527.00000000
-767285.65261587 -1172107.1210569 225 C2KREM01 524.00000000
-745992.27389748 -1172115.78784023 226 C2LEDE01 496.00000000
-735668.33292265 -1176025.49490365 227 C2LIPC01 469.00000000
-778206.76211393 -1201347.63378364 228 C2LIPN01 730.00000000
-717003.02565025 -1144574.47540874 229 C2LODH01 526.00000000
-752459.02234888 -1199067.26608595 230 C2MALO01 694.00000000
-756216.93123805 -1112427.20593193 231 C2MILE01 453.00000000
-748304.6249679 -1106317.81962847 232 C2NADV01 616.00000000
-709897.37376035 -1167262.29333422 233 C2NBYS01 583.00000000
-760091.66297904 -1186014.985742 234 C2NETR01 616.00000000
-709184.56511569 -1144487.23637176 235 C2NVCE01 509.00000000
-746314.7588295 -1115644.84822914 236 C2OLSI01 495.00000000
-788089.63938554 -1202512.73339851 237 C2PASC01 848.00000000
-734100.26008275 -1126600.94437919 238 C2PLAL01 404.00000000
-696697.49981578 -1141874.62470876 239 C2POCA01 618.00000000
-744712.84619937 -1209207.66834743 240 C2POHSTT 932.00000000
-767326.45020142 -1186256.52841211 241 C2PRID01 653.00000000
-747675.25630657 -1201438.14968675 242 C2PVES01 773.00000000
-756660.2147812 -1180098.90367275 243 C2RIMO01 474.00000000
-766074.43022834 -1195827.10198757 244 C2ROZS01 627.00000000
-747754.5766233 -1164002.29819906 245 C2RUDJ01 562.00000000
-747343.77561309 -1153237.68727212 246 C2SEVE01 501.00000000
-741462.85447048 -1196297.58818432 247 C2SHUT01 821.00000000
-775841.21953207 -1187011.5639938 248 C2SLAV01 777.00000000
-754791.46173129 -1191776.92344898 249 C2SOBN01 526.00000000
-700037.53063018 -1152375.98277776 250 C2STRM01 582.00000000
-722670.18582728 -1160230.18364101 251 C2STRN01 478.00000000
-728534.11924771 -1178999.15724955 252 C2SUCH01 457.00000000
-732869.12817219 -1120403.89747143 253 C2TABO01 467.00000000
-733930.99176908 -1159332.66776598 254 C2TREB01 428.00000000
-745928.0343506 -1181983.13004857 255 C2TRHS01 468.00000000
-727449.52309997 -1134374.62972183 256 C2TUCA01 454.00000000
-772914.91795729 -1203869.9675874 257 C2VBRO01 559.00000000
-735661.71733299 -1145215.74195364 258 C2VENL01 409.00000000
-642482.3305496 -1014400.86401494 259 H1BILA01 322.00000000
-643726.42422866 -992843.35674185 260 H1CDUL01 715.00000000
-622882.31664369 -1027289.47157559 261 H1CSKL01 290.00000000
-647632.61843361 -991710.3590869 262 H1DDVU01 560.00000000
-636175.54603429 -993083.26654653 263 H1HMAR01 585.00000000
-644623.91273337 -1030360.71592414 264 H1HORI01 275.00000000
-644633.76984581 -1004908.71464097 265 H1HOST01 351.00000000
-653860.83809104 -978032.76408244 266 H1LBOU01 1320.00000000
-643608.61594739 -983149.35662995 267 H1LUCB01 1413.00000000
-615684.11167076 -1024515.14322265 268 H1NACH01 336.00000000
-642007.33904583 -988201.62315533 269 H1PECS01 816.30000000
-642024.22937442 -988170.91558484 270 H1PECS02 816.00000000
-608228.96338033 -1009396.31206107 271 H1POLI01 446.00000000
-634893.8833972 -983051.99869121 272 H1POMB01 1050.00000000
-650471.83419911 -990371.36255955 273 H1STRA01 791.00000000
-613276.38510482 -997260.32318298 274 H1TEPZ01 531.00000000
-631849.41565208 -1004345.81918877 275 H1TRUT01 437.00000000
-624542.8031008 -1011043.02989692 276 H1UPIC01 413.00000000
-639123.33143941 -1026112.61484794 277 H1VELI01 299.00000000
-648719.28871111 -995144.04865216 278 H1VRCH01 482.00000000
-629899.95998897 -993081.22010423 279 H1ZACL01 644.00000000
-633232.18888432 -1045813.65683726 280 H2BELC01 247.00000000
-613966.63621575 -1042657.20066062 281 H2BILU01 319.00000000
-624351.06554482 -1055986.05454661 282 H2BORH01 254.00000000
-617434.13867357 -1067491.24577942 283 H2CHOC01 282.00000000
-625313.73284786 -1036051.96975728 284 H2CMEZ01 255.00000000
-603013.09645938 -1035855.60552942 285 H2DEST01 656.00000000
-607791.5026827 -1033584.58032547 286 H2DOBN01 627.00000000
-578534.6582393 -1063560.15973752 287 H2KRAL01 538.00000000
-600681.95021637 -1038315.73197535 288 H2LUIS01 875.00000000
-602110.81958519 -1028318.69712145 289 H2OLES01 740.00000000
-603938.53822012 -1029160.8424485 290 H2OLVO01 670.00000000
-583995.51980589 -1069290.09795722 291 H2ORLI01 570.00000000
-595079.59290501 -1039639.02669357 292 H2ORLZ01 690.00000000
-594452.69913611 -1040740.9996466 293 H2OZVO01 665.00000000
-604579.23888052 -1030799.33401678 294 H2POLO01 747.24000000
-604518.29899254 -1030624.59293355 295 H2POLO02 748.00000000
-597074.71618134 -1052431.50016534 296 H2ROKY01 577.00000000
-610577.47831896 -1050878.69698189 297 H2RYCH01 335.00000000
-602572.37626764 -1054837.90283372 298 H2SLAZ01 401.00000000
-602026.48297355 -1072492.79534499 299 H2USTI01 401.70000000
-602027.78245879 -1072490.18984412 300 H2USTI02 402.00000000
-598623.75503418 -1062918.24886218 301 H2ZAMB01 405.00000000
-599731.30264214 -1042822.2801396 302 H2ZDOB01 671.00000000
-688234.95362031 -1074977.92410774 303 H3BAHN01 420.00000000
-664795.51488245 -1082065.89684402 304 H3BEST01 333.00000000
-599638.43684252 -1011768.86709948 305 H3BOZN01 426.00000000
-600356.45777033 -1006679.58510815 306 H3BROU01 373.00000000
-676326.44249074 -1072565.86514485 307 H3CASL01 251.00000000
-668272.10774942 -1047177.63031426 308 H3CHLM01 213.00000000
-676351.19684647 -1068176.3386429 309 H3CHTU01 238.20000000
-676492.53546296 -1068969.40018973 310 H3CHTU02 235.00000000
-655697.60705699 -1048031.9795018 311 H3DOBC01 275.00000000
-685233.61375571 -1032587.54268319 312 H3DYMO01 208.00000000
-605039.9588003 -1089566.16681425 313 H3GAJE01 510.00000000
-641376.49160808 -1095092.49493218 314 H3HAMR01 605.00000000
-655783.94343174 -1070046.25717901 315 H3HERM01 275.00000000
-656635.47278238 -1021866.34918433 316 H3HOLO01 321.00000000
-641042.87420727 -1045930.95865372 317 H3HRAD01 278.00000000
-638779.96929531 -1070343.15423907 318 H3HRTY01 241.00000000
-619004.80591893 -1077709.336985 319 H3HRUS01 291.00000000
-671879.93409869 -1012837.66520203 320 H3JICI01 283.00000000
-682217.57842048 -1056501.41703678 321 H3KONA01 209.00000000
-649704.47067031 -1079808.3860431 322 H3KRIZ01 432.00000000
-646989.03152633 -1100057.78829413 323 H3KRUC01 559.00000000
-682991.60615463 -1064531.77657087 324 H3KUTH01 260.00000000
-655406.96979861 -1016222.30016189 325 H3LBEL01 299.00000000
-682580.25170074 -1019191.90916257 326 H3LIBA01 240.00000000
-656271.19358242 -1092668.95701928 327 H3LIBC01 425.00000000
-664931.26037901 -1072513.23465801 328 H3LICO01 335.00000000
-621142.21022587 -1093547.10329409 329 H3LUBN01 560.00000000
-662489.25667817 -1061417.46123738 330 H3MOKO01 255.00000000
-664411.91341766 -1036399.54460537 331 H3NBYD01 232.00000000
-652840.61406318 -1037202.58441751 332 H3NECH01 245.00000000
-623248.85733798 -1084666.02944506 333 H3NHRA01 400.00000000
-650142.05521547 -1062941.82563359 334 H3PARD01 224.21000000
-691538.81157863 -1043875.99821955 335 H3PODE01 189.00000000
-675368.33176186 -1049727.64441139 336 H3RADO01 227.00000000
-659003.78448659 -1081074.4659966 337 H3SECA01 529.00000000
-634258.79971591 -1085112.19124848 338 H3SKUT01 457.00000000
-669839.71057474 -1019872.99447187 339 H3SLAT01 254.00000000
-644042.30466956 -1040494.61913908 340 H3SVOD01 240.00000000
-632819.0450053 -1096462.15880468 341 H3SVRA01 734.00000000
-632859.64504421 -1096457.45844058 342 H3SVRA02 737.00000000
-609934.52798927 -1090995.31145249 343 H3TRST01 435.00000000
-620390.63139091 -1072476.09184676 344 H3VMYT01 278.00000000
-647731.79858561 -1092427.47303763 345 H3VYSC01 548.00000000
-682507.56743437 -1084664.97716655 346 H3ZBYS01 490.00000000
-680696.80302748 -1046007.7156199 347 H3ZEHU01 204.00000000
-799437.98410344 -1087033.55406979 348 L1BORO01 651.00000000
-835934.25979715 -1122025.57833162 349 L1CACH01 729.00000000
-870962.50761717 -1102984.00210347 350 L1CERCTT 1016.00000000
-841539.21236412 -1098516.59739037 351 L1CHUD01 490.00000000
-866046.5746854 -1105647.6474805 352 L1CKUB01 549.00000000
-832571.84693875 -1084526.8709486 353 L1DNES01 378.00000000
-860080.68572398 -1097947.55226126 354 L1DOMA01 458.00000000
-844331.73017557 -1126549.56314785 355 L1HOJS01 866.00000000
-857103.47953369 -1089016.0400764 356 L1HTYN01 374.00000000
-845971.7124919 -1131224.1110029 357 L1JEZHTT 1343.00000000
-852121.53366612 -1104948.85202836 358 L1KDYN01 475.00000000
-833717.62684909 -1108156.23518617 359 L1KLAT01 421.00000000
-846141.20364204 -1108952.77378391 360 L1LIBK01 574.00000000
-819844.06776997 -1108912.40799206 361 L1LOVC01 597.00000000
-830014.29818963 -1090871.48169265 362 L1LUZA01 358.00000000
-799804.31724261 -1090958.34772536 363 L1MARATT 782.00000000
-811579.58396012 -1100641.65883277 364 L1NEPO01 471.00000000
-820716.96224682 -1084801.44017356 365 L1NETU01 464.00000000
-813489.91884461 -1083619.4097626 366 L1NEZV01 371.00000000
-847415.26710143 -1117324.42846378 367 L1NYRS01 457.00000000
-840956.28673918 -1131035.86338071 368 L1PANCTT 1189.00000000
-872192.67259874 -1090833.36715175 369 L1PIVO01 619.00000000
-822024.8904038 -1067828.25386359 370 L1PLMI01 359.80000000
-822024.47416274 -1067830.79186946 371 L1PLMI02 359.80000000
-821094.52481442 -1065308.35552868 372 L1PLZB01 331.00000000
-815896.78794054 -1088698.0203648 373 L1SEC001 398.00000000
-843714.50358062 -1131479.8733533 374 L1SPIC01 973.00000000
-808396.01961581 -1086694.84413487 375 L1SPOR01 420.00000000
-847844.88301338 -1087730.3942952 376 L1STAN01 362.00000000
-839246.38718445 -1079256.43085457 377 L1STOD01 337.00000000
-839175.85323099 -1116861.38797647 378 L1STRA01 477.00000000
-866801.34332919 -1100016.07266436 379 L1TRHA01 471.00000000
-857424.84183253 -1109752.6110395 380 L1VSER01 445.00000000
-818599.84517075 -1099633.12147858 381 L1ZINK01 475.00000000
-805252.70899853 -1103478.49110537 382 L1ZIVO01 484.00000000
-843312.26531773 -1135059.54489806 383 L1ZRUD01 754.00000000
-882041.38293038 -1078799.86806832 384 L2BELA01 511.00000000
-841200.22081962 -1039111.52129186 385 L2BEZV01 699.00000000
-866265.42282929 -1067013.89352305 386 L2BORT01 471.00000000
-859834.99179052 -1076022.7393606 387 L2DARM01 448.00000000
-800680.05666617 -1076320.44704338 388 L2DOBR01 417.00000000
-880707.14286597 -1035669.35759738 389 L2DYLE01 939.00000000
-829304.06379743 -1053257.98393677 390 L2HBEL01 513.00000000
-802017.58146103 -1027671.91327801 391 L2HERM01 407.00000000
-798170.12176545 -1070241.68693185 392 L2HOLO01 433.00000000
-815909.52332095 -1059370.38967493 393 L2HROM01 336.00000000
-848636.38709388 -1050202.76569472 394 L2KONL01 530.00000000
-793807.92674119 -1021427.87820846 395 L2KOUN01 418.00000000
-810237.50839899 -1045189.03157049 396 L2KRAL01 449.00000000
-849301.04441253 -1029098.87740639 397 L2KRAU01 650.00000000
-784046.93678748 -1048114.8639735 398 L2KVES01 405.00000000
-807688.44777091 -1052918.86357288 399 L2LIBL01 299.00000000
-828948.31337029 -1041146.44136932 400 L2MANE01 436.00000000
-866633.50221785 -1035417.08615589 401 L2MLAV01 696.00000000
-875030.7737961 -1097060.99359706 402 L2NEMA01 529.00000000
-804303.25071913 -1031872.50642371 403 L2ORAC01 401.00000000
-865974.59483142 -1049003.97745044 404 L2PLAN01 505.00000000
-818981.31650013 -1049351.96292405 405 L2PLAS01 330.00000000
-825978.12833611 -1067139.20945651 406 L2PLZR01 320.00000000
-873594.73236162 -1070477.58299326 407 L2PRIM01 742.76000000
-873594.73236162 -1070477.58299326 408 L2PRIM02 742.76000000
-790985.0192899 -1034846.28442225 409 L2RAKO01 313.00000000
-806318.46626894 -1071653.95542284 410 L2ROKY01 397.00000000
-796117.15129219 -1046096.14576943 411 L2SLAB01 389.00000000
-795707.86526455 -1074223.07203425 412 L2STRA01 526.00000000
-850556.27683067 -1064791.92335023 413 L2STRI01 438.00000000
-875212.81328697 -1055691.30708513 414 L2TACH01 487.00000000
-796419.80736661 -1056235.81499946 415 L2TERE01 402.00000000
-873098.15473172 -1039663.61368551 416 L2TSEK01 672.00000000
-838887.43898178 -1065863.76447337 417 L2ULIC01 428.00000000
-837670.65780411 -1050867.90457187 418 L2UNES01 573.00000000
-845919.87417511 -1044570.14636242 419 L2UTER01 489.00000000
-830334.80612062 -1024218.7924099 420 L2VERU01 582.00000000
-852357.91189668 -1059893.49247684 421 L2VICH01 506.00000000
-794017.4157385 -1061970.75633268 422 L2ZBIR01 476.00000000
-831907.71160343 -1028788.29458262 423 L2ZLUT01 569.00000000
-851494.22992725 -995364.16715795 424 L3ABER01 893.00000000
-898922.54954166 -1004171.70802623 425 L3AS0001 675.00000000
-855065.0963398 -1026932.54913641 426 L3BECO01 529.00000000
-886777.23158796 -1023369.14953561 427 L3CHEB01 483.00000000
-886777.23158796 -1023369.14953561 428 L3CHEB02 483.00000000
-873672.46407908 -1012918.56644022 429 L3HABA01 484.00000000
-893656.14563782 -1011977.29243532 430 L3HAZL01 551.00000000
-887696.12361048 -1028057.67701231 431 L3HROZ01 452.00000000
-840380.44058301 -994078.81350393 432 L3KLIN01 1236.00000000
-847515.09990153 -1014699.76977451 433 L3KVAL01 603.00000000
-847515.09990153 -1014699.76977451 434 L3KVAL02 603.00000000
-849608.91500537 -1011489.40260719 435 L3KVAZ01 377.00000000
-870725.34490168 -1028065.05422632 436 L3LAZY01 845.00000000
-882731.87431536 -1002782.07870322 437 L3LUBY01 524.00000000
-869230.90044508 -1031390.38605631 438 L3LYSITT 980.00000000
-859152.83307276 -997747.94867696 439 L3NEJD01 609.00000000
-871756.41306278 -1005823.29288306 440 L3OLOV01 537.00000000
-865526.37108427 -992574.10602993 441 L3PREB01 904.00000000
-840568.3171236 -1007305.83584608 442 L3SEMN01 351.00000000
-867772.23081815 -998408.11011964 443 L3SIND01 589.00000000
-867332.35200494 -1014307.00811203 444 L3SOKO01 407.00000000
-835461.4713649 -1001152.86008355 445 L3STRA01 330.00000000
-548198.68499934 -1061991.02647477 446 O1BECS01 1010.00000000
-543332.57899637 -1062170.44316798 447 O1BELA01 676.00000000
-507422.71040186 -1126051.44219332 448 O1BELO01 306.00000000
-464636.00391623 -1149200.42066217 449 O1BILA01 725.00000000
-467512.50229832 -1148065.06258431 450 O1BILH01 770.00000000
-463961.37983587 -1096941.7144486 451 O1BOHU01 237.00000000
-518609.59880934 -1101516.49666896 452 O1BUDI01 530.00000000
-546192.38932696 -1041599.8964457 453 O1CERN01 320.00000000
-524287.60818182 -1103208.07454392 454 O1CERV01 748.13000000
-524290.9957548 -1103210.20875904 455 O1CERV02 750.00000000
-480754.46336936 -1083248.0358549 456 O1CHLN01 258.00000000
-478584.34013875 -1097091.70318655 457 O1DEHY01 292.00000000
-525497.12137111 -1082938.43002853 458 O1DLOU01 520.00000000
-469819.28154804 -1120481.16538371 459 O1FMOL01 312.00000000
-469152.07932655 -1116680.95238473 460 O1FMSV01 270.00000000
-476434.25087159 -1133935.23422601 461 O1FREN01 436.00000000
-496815.65743606 -1111763.78484935 462 O1FULN01 340.00000000
-463162.7043909 -1143113.64782726 463 O1HAMR01 527.00000000
-520724.06757434 -1091102.46303692 464 O1HART01 516.00000000
-471588.09895116 -1089168.21244759 465 O1HAT001 220.00000000
-459926.91133137 -1110274.01372503 466 O1HAVI01 259.00000000
-531225.72761356 -1055459.76692308 467 O1HERM01 665.00000000
-447849.33538229 -1137105.25063428 468 O1HOLO01 582.00000000
-486617.94296553 -1095390.68372592 469 O1HRAB01 395.00000000
-499690.42891816 -1094377.56100413 470 O1HRAD01 275.00000000
-434086.8088009 -1139835.49081518 471 O1HRCA01 590.00000000
-476883.45067846 -1122538.28091024 472 O1HUKV01 292.00000000
-495928.66963244 -1115522.8673926 473 O1HZIV01 256.00000000
-439259.43308236 -1131835.63753406 474 O1JABL01 380.00000000
-555565.68760838 -1030985.3919745 475 O1JAVO01 284.00000000
-447744.24199109 -1126681.8044707 476 O1JAVR01 950.00000000
-544951.96316322 -1050455.27787509 477 O1JESE01 502.00000000
-520595.84618255 -1050452.94216454 478 O1JISL01 358.20000000
-527416.72376501 -1067549.58905881 479 O1KARL01 467.00000000
-452462.3743204 -1100926.90226984 480 O1KARV01 224.00000000
-537898.6766121 -1068714.32893702 481 O1KAST01 795.00000000
-481702.2268414 -1106309.42170157 482 O1KLIM01 240.00000000
-545234.70182541 -1062848.74331863 483 O1KLINTT 1099.00000000
-510396.23910421 -1070917.16034468 484 O1KRNO01 360.00000000
-515270.79887631 -1077932.36645091 485 O1LICH01 389.00000000
-532448.41548626 -1092154.56895198 486 O1LORY01 594.00000000
-460113.10804968 -1114142.63268972 487 O1LUCI01 300.00000000
-461464.74723513 -1134642.65437631 488 O1LYSA01 1322.03000000
-461443.21460569 -1134645.68180746 489 O1LYSA02 1321.80000000
-541810.88583447 -1073778.8739869 490 O1MAMO01 775.00000000
-508128.62155602 -1096661.23054722 491 O1MELC01 478.00000000
-534270.0246805 -1043748.67764699 492 O1MIKU01 321.00000000
-454195.77800304 -1136754.45636781 493 O1MOLU01 600.00000000
-489609.53946259 -1132743.3484742 494 O1MORK01 345.00000000
-484176.46720896 -1116414.97253944 495 O1MOSN01 252.80000000
-483655.34102893 -1115751.15870716 496 O1MOSN02 250.40000000
-460392.60846118 -1093525.32690788 497 O1NERA01 208.00000000
-520355.97020834 -1074508.74914058 498 O1NHER01 395.00000000
-490953.47260545 -1126080.82223463 499 O1NOJI01 291.00000000
-437534.0816692 -1123643.92522443 500 O1NYDE01 425.00000000
-436243.04094133 -1128819.7161705 501 O1NYFI01 745.00000000
-505430.76727664 -1116860.44141665 502 O1ODRY01 305.00000000
-498618.71664699 -1088666.18528191 503 O1OPAV01 268.00000000
-465039.26736478 -1136605.94091249 504 O1OSCE01 435.00000000
-468010.10643687 -1100730.76093352 505 O1OSLZ01 269.00000000
-506885.23944265 -1049692.91494647 506 O1OSOB01 238.00000000
-473870.35412493 -1106612.71207082 507 O1OZBH01 238.00000000
-470188.1899703 -1114005.03839503 508 O1PASK01 254.00000000
-479532.43136632 -1101929.32915246 509 O1PORU01 240.00000000
-483138.74730728 -1122272.18461594 510 O1PRIB01 307.00000000
-468452.86060976 -1132596.79038877 511 O1PSTR01 400.00000000
-553720.86198941 -1053357.47148279 512 O1RAMZ01 740.00000000
-459255.58889113 -1126327.67624341 513 O1RASK01 397.00000000
-448198.64714432 -1118842.13110145 514 O1ROPI01 327.00000000
-540223.50156325 -1084430.59580438 515 O1RYMA01 578.00000000
-540630.45171334 -1081658.20418691 516 O1RYMH01 643.00000000
-464211.16131563 -1109360.69221367 517 O1SENO01 258.00000000
-550816.02394652 -1054650.39445767 518 O1SERATT 1320.00000000
-550765.80722675 -1054744.93051703 519 O1SERA01 1328.00000000
-550746.83513796 -1054746.85310238 520 O1SERA02 1328.00000000
-497205.19246001 -1101197.17622359 521 O1SKRI01 485.00000000
-549798.63982145 -1075899.58426817 522 O1SKRTTT 876.00000000
-483658.1372411 -1078500.49067921 523 O1SUDI01 217.00000000
-531624.21642184 -1073906.91947003 524 O1SVET01 593.00000000
-453665.60360804 -1114178.30141115 525 O1TEHR01 356.00000000
-557901.9320566 -1037850.08985524 526 O1UHNV01 615.00000000
-540055.19210979 -1064974.70404776 527 O1VIDL01 774.00000000
-542729.19613427 -1034262.14920966 528 O1VIDN01 228.00000000
-508835.86613733 -1104571.99038523 529 O1VITK01 490.00000000
-518974.1536463 -1061596.61424151 530 O1ZARY01 498.00000000
-529857.80503718 -1049526.54135763 531 O1ZLHO01 444.00000000
-529747.41537882 -1048394.76599755 532 O1ZLHR01 407.00000000
-581464.27092205 -1106074.78957631 533 O2BEZD01 315.00000000
-558172.15501935 -1060150.577063 534 O2BRAN01 548.00000000
-578457.53006657 -1068327.85808946 535 O2CERO01 535.00000000
-546847.27106424 -1066553.79421358 536 O2DSDN01 765.00000000
-564983.90428955 -1093609.12256422 537 O2DUBI01 282.00000000
-563896.33455696 -1065207.46020787 538 O2HANU01 432.00000000
-578539.68853121 -1086798.40029406 539 O2HOSJ01 305.00000000
-585952.76990166 -1113325.45406399 540 O2JEVI01 362.00000000
-588492.42990039 -1082639.1470568 541 O2LANS01 362.00000000
-556502.1969797 -1070870.55020461 542 O2LOSI01 411.00000000
-567903.85893805 -1112838.21372141 543 O2LUKA01 510.00000000
-567906.48090108 -1112840.40226302 544 O2LUKA02 510.00000000
-560351.00706355 -1099059.42486869 545 O2MEHL01 268.00000000
-574411.61261318 -1096064.47037958 546 O2MIRO01 370.00000000
-546029.66754909 -1119910.25127597 547 O2OLKL01 215.00000000
-544957.61969524 -1123704.08638153 548 O2OLOM01 210.00000000
-552046.17334508 -1086218.98526698 549 O2OSKA01 360.00000000
-559002.41643303 -1051449.95261234 550 O2PAPR01 1001.00000000
-546322.13246587 -1101014.31279635 551 O2PASE01 271.00000000
-570454.23621146 -1060078.32802967 552 O2SKLE01 701.00000000
-570786.93036082 -1056801.34668342 553 O2SLAM01 1105.00000000
-544005.34907468 -1107933.52494945 554 O2STEK01 247.00000000
-542303.42374112 -1107292.1698622 555 O2STER01 278.00000000
-577908.92405143 -1077756.33375309 556 O2STIT01 432.00000000
-562444.60257373 -1052987.95636534 557 O2STKU01 649.00000000
-563208.24473864 -1077321.98084854 558 O2SUMP01 328.00000000
-584385.08184177 -1092811.93986201 559 O2TREB01 375.00000000
-530721.5118033 -1125122.51364386 560 O2UJEZ01 358.00000000
-473313.87255074 -1146477.07397555 561 O3BECV01 565.00000000
-473919.48252625 -1150227.40409145 562 O3BENE01 855.00000000
-505187.89437519 -1152556.71296487 563 O3HOST01 385.00000000
-515180.75152909 -1129173.7201666 564 O3HRAN01 247.00000000
-487033.54641672 -1159921.70197162 565 O3HUSL01 450.00000000
-504326.7206799 -1147122.98124768 566 O3KATE01 585.00000000
-507005.02685146 -1138870.59275306 567 O3KELC01 300.00000000
-493254.40407588 -1169477.67825815 568 O3LIDE01 450.00000000
-523485.97759977 -1131804.45713156 569 O3LIPN01 227.00000000
-507918.78293409 -1150754.46296913 570 O3MARU01 664.10000000
-507918.78293409 -1150754.46296913 571 O3MARU02 664.10000000
-520714.42469049 -1120688.51165047 572 O3POTB01 545.00000000
-516054.31340758 -1119128.02163521 573 O3POTS01 565.00000000
-533590.74005741 -1137259.99051996 574 O3PRER01 210.00000000
-474080.27198301 -1139647.17036031 575 O3PUSTTT 1014.00000000
-508749.42849747 -1145258.91629629 576 O3RAJN01 405.00000000
-484588.62319365 -1142134.62524708 577 O3ROZN01 375.00000000
-486410.50966652 -1141804.08082052 578 O3ROZV01 362.00000000
-487331.54966377 -1146897.14465361 579 O3VABY01 458.00000000
-496408.71696416 -1140822.99484428 580 O3VALM01 334.00000000
-487553.59734951 -1166543.06746352 581 O3VASE01 615.00000000
-474815.17746195 -1154346.60400702 582 O3VEKA01 518.00000000
-496012.34728528 -1154190.4171992 583 O3VSET01 387.00000000
-491458.1434911 -1165480.03435887 584 O3ZDECTT 730.00000000
-490930.03010962 -1163608.24388232 585 O3ZDEC01 491.00000000
-769944.55551264 -1052290.62905368 586 P1BERO01 265.00000000
-762981.71334582 -1050436.04981093 587 P1CHRU01 255.00000000
-755489.15478999 -1058551.95172895 588 P1DOBE01 205.00000000
-777161.49637178 -1052368.90242532 589 P1HUDL01 449.00000000
-786346.086548 -1069361.54737056 590 P1HVOZ01 425.00000000
-751631.22048537 -1060272.70381312 591 P1JILS01 354.00000000
-762227.40655486 -1091429.29594611 592 P1KAMY01 280.00000000
-754103.69210094 -1028918.24196609 593 P1KOLE01 238.00000000
-749763.47056369 -1024715.43702492 594 P1KRAL01 220.00000000
-781897.56341124 -1043044.87256297 595 P1KRIV01 323.00000000
-775462.08100271 -1034304.89820954 596 P1LANY01 415.00000000
-764863.05384056 -1060627.48514228 597 P1LITE01 320.00000000
-757424.91118002 -1065479.80996618 598 P1MNIS01 367.00000000
-764271.79425831 -1082791.77179136 599 P1NBEL01 465.00000000
-773674.06064674 -1064883.49512209 600 P1NEUM01 322.00000000
-779234.64586824 -1031349.6151303 601 P1NSTR01 482.00000000
-747777.27647884 -1043079.18861779 602 P1PBRE01 355.00000000
-738106.47013117 -1050184.30218525 603 P1PCHO01 297.00000000
-742630.55480996 -1045100.33346102 604 P1PKAR01 260.50000000
-743306.72185493 -1045194.47829249 605 P1PKAR02 232.00000000
-733997.16925319 -1040200.35191216 606 P1PKBE01 284.50000000
-733706.75497581 -1040423.13089663 607 P1PKBE02 282.00000000
-743135.49511619 -1043069.88982506 608 P1PKLE01 190.70000000
-743174.46303443 -1043097.42135514 609 P1PKLM01 190.70000000
-745372.49143117 -1053768.04660248 610 P1PKOM01 213.00000000
-742199.51906223 -1052051.31207692 611 P1PLIB01 302.04000000
-742109.53699438 -1052005.05884102 612 P1PLIB02 303.00000000
-780328.8166735 -1082420.23058911 613 P1PODL01 510.00000000
-777263.88131863 -1082308.65840345 614 P1PRIB01 555.00000000
-734089.95428865 -1053152.12795312 615 P1PRUH01 312.00000000
-754363.28404897 -1039980.21505742 616 P1PRUZ01 364.00000000
-754196.25645301 -1039944.94600713 617 P1PRUZ02 364.00000000
-744135.46593987 -1036536.35774419 618 P1PSUC01 268.00000000
-740112.65514671 -1044696.79063178 619 P1PVIN01 280.00000000
-751378.06565581 -1050848.6102547 620 P1PZKO01 330.00000000
-781267.52279191 -1066835.602695 621 P1RPET01 360.00000000
-763921.5279019 -1023300.90045323 622 P1SLAN01 307.00000000
-722413.99740374 -1046939.24598408 623 P1UVAL01 260.00000000
-761747.52774457 -1070515.34731034 624 P1VOZN01 385.00000000
-777685.1653914 -1041035.5195796 625 P1ZBEC01 262.00000000
-777488.15245152 -1057986.06251844 626 P1ZDIC01 305.00000000
-763443.78338333 -1018110.40331768 627 P1ZLON01 231.00000000
-700430.90128135 -1004606.1946158 628 P2BAKO01 220.00000000
-738138.48267333 -1030467.59997064 629 P2BAST01 230.00000000
-654842.98761456 -988961.87950904 630 P2BENE01 780.00000000
-680305.84222373 -969733.59925575 631 P2BNLO01 780.00000000
-692705.2548318 -1000920.4395371 632 P2BOSE01 382.00000000
-724333.86483952 -1034058.70539791 633 P2BRAN01 179.00000000
-707681.41311513 -1020001.34872068 634 P2BROD01 220.00000000
-694523.77412095 -982571.97686491 635 P2CDUB01 355.00000000
-711594.18450671 -1019180.22405196 636 P2CHOT01 260.00000000
-686765.87971817 -1011137.96152121 637 P2DBOU01 244.00000000
-669389.90493317 -973927.65464935 638 P2DESN01 772.00000000
-656283.93594939 -980169.47426444 639 P2DVOR01 1115.00000000
-662443.59247517 -975646.37300206 640 P2HARR01 675.00000000
-674180.99166677 -1002375.81407354 641 P2HOLE01 423.00000000
-675891.68832443 -974361.26146187 642 P2JDUL01 623.00000000
-658414.66850313 -996358.73845351 643 P2JILE01 462.00000000
-698663.1043348 -996591.60585634 644 P2JIVI01 308.00000000
-712192.11606136 -1007069.02691721 645 P2KATU01 312.00000000
-667220.3825647 -970776.75781469 646 P2KORE01 858.00000000
-719214.87357609 -1019504.14709357 647 P2KOSA01 210.00000000
-703159.67790084 -1037762.62824469 648 P2KOST01 185.00000000
-668633.5418796 -1002146.82821828 649 P2LOMN01 485.00000000
-703027.06354853 -1010743.07427726 650 P2MLBO01 221.00000000
-716062.65143164 -1051434.94529638 651 P2MRZK01 260.00000000
-722489.28334136 -1006146.30008435 652 P2MSEN01 340.00000000
-659846.86375476 -1008668.39154282 653 P2NPAK01 450.00000000
-719520.28332573 -1036247.01330122 654 P2NVES01 170.00000000
-662925.09520781 -981174.60935759 655 P2ROKY01 525.00000000
-664644.26031327 -990008.10208298 656 P2ROPR01 550.00000000
-697511.39635001 -1017694.88519576 657 P2SEMC01 234.00000000
-672130.11676918 -993356.13946776 658 P2SEMI01 370.00000000
-674996.22756403 -979944.97464366 659 P2SMRZ01 550.00000000
-656416.22861021 -1002059.34501734 660 P2STUD01 532.00000000
-732657.58422754 -1021021.05533434 661 P2TUHA01 160.00000000
-683734.96321148 -994509.27850084 662 P2TURN01 253.00000000
-697197.43313593 -986119.34470715 663 P2VSEL01 392.00000000
-664602.83549781 -986450.45186993 664 P2VYSK01 695.00000000
-676188.75343739 -989729.14484406 665 P2ZBRO01 290.00000000
-727694.39166065 -1078614.02368628 666 P3BENS01 343.00000000
-690205.69731663 -1084616.3823189 667 P3BOHD01 460.00000000
-701156.27033049 -1130077.20907876 668 P3BOZE01 611.00000000
-707916.41875681 -1070602.76741182 669 P3CEKA01 413.00000000
-698561.58341288 -1060569.54609094 670 P3DCHV01 290.00000000
-696403.10060746 -1096824.36630001 671 P3DKRA01 420.00000000
-671769.04493422 -1089906.66130687 672 P3HABR01 470.00000000
-667006.45084641 -1106188.57006941 673 P3HAVL01 452.00000000
-700810.02308725 -1089713.19562168 674 P3HULI01 375.00000000
-684180.08555586 -1111337.9646564 675 P3HUMP01 515.00000000
-684303.8540082 -1112644.30904722 676 P3HUMP02 540.00000000
-745270.29455973 -1077111.81221103 677 P3JABL01 327.00000000
-740714.59622848 -1063473.62792023 678 P3JILO01 448.00000000
-703348.22540735 -1105937.64041428 679 P3KOSE01 532.29000000
-703405.63512797 -1105953.12938964 680 P3KOSE02 534.00000000
-714639.60789602 -1056139.50811495 681 P3KOST01 360.00000000
-687004.76268301 -1093993.43115148 682 P3LEDS01 408.00000000
-723394.57841042 -1107364.70399124 683 P3MLVO01 435.00000000
-715227.84947069 -1100930.94436711 684 P3NACE01 502.00000000
-739770.2277037 -1073640.22433008 685 P3NETV01 365.00000000
-651761.34565525 -1116915.06826498 686 P3NIZK01 531.00000000
-748376.06179567 -1093418.80720949 687 P3NRUD01 348.00000000
-685509.37678611 -1129225.49677797 688 P3NRYC01 619.00000000
-719665.78858597 -1066428.44848165 689 P3ONDR01 491.00000000
-709004.44969298 -1117537.22835399 690 P3PACO01 494.00000000
-694296.48678884 -1122828.61350094 691 P3PELH01 524.00000000
-659603.27376114 -1121141.1126429 692 P3POLN01 490.00000000
-722360.69392357 -1085834.3829415 693 P3POST01 421.00000000
-654235.16512535 -1110988.62556887 694 P3PRIB01 532.50000000
-654274.81489772 -1110982.21045659 695 P3PRIB02 530.00000000
-700029.56739844 -1084474.05131682 696 P3REND01 444.00000000
-726346.43207184 -1055041.84871261 697 P3RICA01 385.00000000
-678463.18734112 -1121642.49529 698 P3SIMA01 630.00000000
-699580.89096403 -1069488.29122169 699 P3STAN01 415.00000000
-667693.94521852 -1118475.2017609 700 P3STOK01 530.00000000
-737026.62935564 -1105471.48554245 701 P3STRE01 588.00000000
-678521.84656828 -1097945.47518025 702 P3SVET01 410.00000000
-719784.98843645 -1077638.31375746 703 P3TEPL01 463.00000000
-720437.23365365 -1093291.19259067 704 P3VELI01 451.00000000
-714971.88012271 -1091167.15736318 705 P3VLAS01 415.00000000
-734374.70557454 -1094023.66696571 706 P3VOTI01 450.00000000
-736243.78094225 -1083761.16190799 707 P3ZAHR01 358.00000000
-641589.15809037 -1110798.88332372 708 P3ZDAR01 605.00000000
-781272.82919281 -986776.26516398 709 U1BILI01 270.00000000
-806588.96942719 -983247.72003623 710 U1BOLR01 600.00000000
-783778.90588503 -970059.92058625 711 U1BOURTT 860.00000000
-792183.74409053 -968576.41640194 712 U1CEJI01 740.00000000
-809101.14972237 -991320.8769916 713 U1CHOM01 362.00000000
-781679.99167731 -1009583.74690095 714 U1CITO01 235.00000000
-769988.87094326 -996228.77742667 715 U1DLAZ01 278.00000000
-754855.87769694 -999633.03169454 716 U1DOKS01 158.00000000
-754859.94349036 -999630.33543847 717 U1DOKS02 158.00000000
-777148.86425634 -971524.68746986 718 U1DUBI01 402.00000000
-735869.58216437 -1015375.69542104 719 U1HORB01 158.00000000
-788335.72312707 -1013549.45618979 720 U1HRIV01 270.00000000
-783355.62531678 -973600.94799022 721 U1HROB01 360.00000000
-754842.55352308 -965086.21506381 722 U1JILO01 310.00000000
-815383.18402316 -999993.93119572 723 U1KATU01 321.71000000
-815383.51559157 -999994.21816168 724 U1KATU02 322.40000000
-795357.74302813 -973536.04424238 725 U1KLIN01 807.00000000
-791917.75363345 -984684.84639629 726 U1KOPI01 240.00000000
-814280.55127934 -986398.21649132 727 U1KRIM01 570.00000000
-764518.86925484 -1004897.43827932 728 U1LIBO01 165.00000000
-773876.21835699 -989167.80047209 729 U1LUKO01 502.00000000
-820516.36980859 -1012246.68822515 730 U1MAST01 373.00000000
-828228.01336734 -992088.07674556 731 U1MEDE01 828.00000000
-781217.54210702 -993579.33189247 732 U1MERU01 367.00000000
-770141.94684164 -986654.41230102 733 U1MILE01 830.50000000
-769631.51829207 -988816.06029468 734 U1MILS01 348.00000000
-800735.01654041 -977938.74158229 735 U1NOVE01 725.00000000
-816710.39243463 -1034252.85408383 736 U1PAST01 470.00000000
-766292.22766004 -963343.02637584 737 U1PEKL01 631.00000000
-771931.95515152 -1010715.07969971 738 U1PERU01 350.00000000
-749775.63268733 -1003893.64085791 739 U1ROUL01 175.00000000
-779316.1778082 -1013005.2479804 740 U1SMOL01 345.00000000
-754043.93360162 -962137.82647931 741 U1SNEZTT 716.00000000
-755516.96730726 -961573.6617692 742 U1SNEZ01 569.00000000
-808271.07968697 -1023895.14416471 743 U1STRJ01 372.00000000
-750342.23911881 -1010937.18627037 744 U1STRV01 214.00000000
-765080.10080359 -968268.95973138 745 U1TELN01 340.00000000
-775323.99713261 -975770.82644319 746 U1TEPL01 227.00000000
-760118.03149019 -962029.08989793 747 U1TISA01 556.00000000
-760389.41639305 -973632.82271635 748 U1ULKO01 375.39000000
-760389.29927854 -973632.50233799 749 U1ULKO02 375.39000000
-760092.58002458 -980166.29860898 750 U1ULMA01 150.00000000
-800227.63860807 -1021832.55360022 751 U1VECE01 329.00000000
-820197.00400403 -989398.57394813 752 U1VYSL01 738.00000000
-800832.26864037 -1006151.30246472 753 U1ZATE01 210.00000000
-681774.18724054 -969472.15836144 754 U2BEDR01 777.00000000
-730403.7373624 -964350.95098583 755 U2CEKA01 328.00000000
-725508.30402248 -979385.86777499 756 U2CELI01 246.00000000
-699973.85883628 -964437.1647871 757 U2CHOT01 260.00000000
-724006.18325664 -959660.62994579 758 U2CHRI01 440.00000000
-694197.62298263 -967464.67235522 759 U2CHRV01 314.00000000
-748043.81343247 -967781.92823163 760 U2DECI01 162.00000000
-748743.93149828 -973652.91253291 761 U2DECT01 150.00000000
-718257.10515352 -992405.2509526 762 U2DOKY01 284.00000000
-726574.93040844 -994842.08128318 763 U2DUBA01 258.00000000
-683599.22389678 -957714.6840831 764 U2FRYD01 337.00000000
-677577.17071948 -962217.99941253 765 U2HEJN01 396.00000000
-680007.92552286 -979330.00662194 766 U2JANI01 495.00000000
-707797.24494137 -970912.32791007 767 U2JAPO01 320.00000000
-698955.48912041 -975818.6664715 768 U2KRIN01 395.00000000
-690334.42471968 -973462.92349432 769 U2LIBC01 397.72000000
-690334.46614783 -973462.69378589 770 U2LIBC02 397.70000000
-755603.58433686 -990053.2681212 771 U2LITM01 206.00000000
-736178.83282596 -939259.6508037 772 U2LOBE01 350.00000000
-714076.33626762 -965853.72336523 773 U2MARE01 395.00000000
-687090.74370596 -967428.29293557 774 U2MFOJ01 395.00000000
-712862.33048498 -982842.272366 775 U2MIMO01 278.00000000
-723268.04935732 -971312.22115708 776 U2NBOR01 358.00000000
-673496.86997259 -958359.34116304 777 U2NMES01 473.00000000
-687935.49308969 -951761.1372826 778 U2PRED01 248.00000000
-719301.73882052 -949221.59865852 779 U2RUMB01 390.00000000
-726578.97074578 -942485.55708941 780 U2SLUK01 352.00000000
-671849.08773652 -967433.03586054 781 U2SMED01 834.00000000
-706443.2566637 -978773.01827423 782 U2STRR01 310.00000000
-717802.66733 -954588.54497576 783 U2VARN01 367.00000000
-742317.85511814 -979037.42167214 784 U2VERN01 507.00000000
-729725.91001086 -1008422.04060773 785 U2VYSO01 300.00000000
-728279.90396316 -985867.26320471 786 U2ZAHR01 270.00000000
-734656.80584884 -974461.4047802 787 U2ZAND01 275.00000000
-505477.84491247 -1207958.36098753 788 B6ADKO01 290.00000000
-695010.70287696 -1205918.21909632 789 B6ALLE01 599.00000000
-590802.94929924 -1222950.10106484 790 B6ALTL01 217.00000000
-711528.51018873 -1183652.34535828 791 B6ALTM01 589.00000000
-482379.42874369 -1225400.37810741 792 B6BABE01 209.00000000
-775677.87575221 -1214569.47361697 793 B6BALE01 740.00000000
-585202.77728965 -1218283.43893188 794 B6BERN01 169.00000000
-454614.7570867 -1210761.20676294 795 B6BIPR01 354.00000000
-574045.95626514 -1278232.09344077 796 B6BKOL01 304.00000000
-566279.19283422 -1275326.88562265 797 B6BLET01 132.00000000
-538847.74342852 -1251645.06434387 798 B6BOHD01 169.00000000
-541664.24751808 -1248470.49512347 799 B6BOLE01 172.00000000
-574559.60354594 -1267114.70160088 800 B6BORI01 216.71000000
-572841.98713025 -1228392.86880139 801 B6BORS01 172.00000000
-512391.49568969 -1206212.22261629 802 B6BOSA01 438.00000000
-536370.43810614 -1226525.67758026 803 B6BREB01 290.00000000
-536317.49135223 -1225972.22891133 804 B6BREB02 259.30000000
-692766.64949341 -1199810.12109246 805 B6BREI01 568.00000000
-533271.64506836 -1214199.33732157 806 B6BRES01 342.69000000
-536024.9809317 -1226782.11969156 807 B6BREZ01 290.00000000
-574681.27580869 -1219597.52046928 808 B6BROD01 155.00000000
-533282.19695379 -1214310.03163995 809 B6BRST01 342.69000000
-550202.01486488 -1240044.97403451 810 B6BUKV01 336.00000000
-547541.79279308 -1214384.72462403 811 B6CAST01 475.00000000
-484539.69602823 -1184028.30832673 812 B6CEKA01 358.00000000
-552726.75954649 -1254433.8469487 813 B6CSTA01 271.00000000
-534092.02976342 -1239923.38352444 814 B6DECH01 186.00000000
-584338.59639086 -1268570.33826839 815 B6DNVE01 134.65000000
-694043.91617904 -1179814.75526783 816 B6DOBE01 455.00000000
-528822.88126934 -1237517.75490752 817 B6DOLO01 200.00000000
-546949.23875254 -1250864.07096056 818 B6DOOR01 200.00000000
-478568.91271229 -1204187.69737666 819 B6DOPO01 429.00000000
-537247.94046469 -1234149.20172337 820 B6DOVO01 242.00000000
-599837.93673816 -1210470.13053593 821 B6DRAS01 216.00000000
-674001.02861346 -1189231.38555393 822 B6DROS01 421.00000000
-684149.7279932 -1196618.19233744 823 B6DRSE01 522.00000000
-487840.88984952 -1197469.9081282 824 B6DUBN01 227.00000000
-589365.54553974 -1242444.60577471 825 B6DÜRN01 166.00000000
-723948.08336048 -1194942.23051112 826 B6EHRE01 482.00000000
-677202.40436058 -1190634.54694723 827 B6EIBE01 388.00000000
-623490.01865109 -1222200.62436234 828 B6EICH01 260.00000000
-631924.87349 -1225282.8797973 829 B6ENTH01 260.00000000
-676921.98064071 -1202319.12950275 830 B6ETZE01 528.00000000
-600589.53298117 -1256353.02075362 831 B6GAEN01 163.00000000
-674367.1464692 -1219206.89402532 832 B6GARS01 273.00000000
-565843.76822696 -1217815.56521001 833 B6GBEL01 204.00000000
-671529.75060093 -1196923.28381148 834 B6GERS01 484.00000000
-596668.94486632 -1224452.68573457 835 B6GINZ01 179.00000000
-726196.11585526 -1215060.3319594 836 B6GRGE01 676.00000000
-634435.50732994 -1210785.79880096 837 B6GROS01 188.00000000
-783446.27679836 -1205620.99925197 838 B6GUGL01 750.00000000
-645841.10650466 -1216530.04938851 839 B6GUNT01 250.00000000
-717303.32064261 -1239755.77167412 840 B6GUTE01 828.00000000
-792902.06472311 -1206078.79861682 841 B6HASL01 510.00000000
-713141.21992102 -1169766.14859256 842 B6HAUG01 568.00000000
-521387.03819784 -1254069.71989953 843 B6HLOH01 156.00000000
-581194.15109467 -1228874.5596973 844 B6HOHE01 154.00000000
-720014.95641279 -1193771.03369651 845 B6HOHN01 479.00000000
-562128.00863485 -1207349.58641963 846 B6HOLI01 180.00000000
-645243.45875213 -1221636.36278104 847 B6HOLL01 237.00000000
-500229.95455975 -1248395.84273434 848 B6HOOD01 181.00000000
-477398.96512184 -1200828.06652353 849 B6HOPO01 425.00000000
-674909.76621873 -1210180.33795139 850 B6HORN01 320.00000000
-492434.31665048 -1193717.51804871 851 B6HOSR01 244.00000000
-500962.24794643 -1195414.09459796 852 B6HOSU01 309.00000000
-508690.25267399 -1201972.42546515 853 B6CHOC01 488.00000000
-459267.04677805 -1209154.05827963 854 B6CHVO01 507.00000000
-639535.85050743 -1217814.82732809 855 B6IMME01 237.00000000
-545792.98942141 -1232095.99196698 856 B6JABL01 204.00000000
-545622.72793683 -1231107.07338795 857 B6JABL02 203.57000000
-528783.03289965 -1247349.73165846 858 B6JABO01 176.00000000
-582636.49501177 -1249965.58519242 859 B6JAKU01 144.71000000
-678671.49201463 -1196616.91950496 860 B6JAPO01 520.00000000
-701822.84929121 -1244964.69181371 861 B6JAUE01 959.00000000
-692371.63854066 -1240423.65916433 862 B6JOCH01 212.00000000
-743578.96569633 -1210301.56745005 863 B6KARL01 946.00000000
-509811.90442548 -1219958.62418978 864 B6KOCO01 175.00000000
-566186.22631134 -1206604.32450256 865 B6KOPC01 156.39000000
-477549.58723551 -1196574.208839 866 B6KOPO01 310.00000000
-532022.94942591 -1225934.62514705 867 B6KOSA01 319.00000000
-525092.17712529 -1223014.16166597 868 B6KRAJ01 233.00000000
-485534.06917992 -1243989.91558488 869 B6KRCA01 216.00000000
-680032.26220278 -1238348.27701305 870 B6KREM01 203.00000000
-570086.6488428 -1253150.67175707 871 B6KUCD01 206.00000000
-568048.26846853 -1252127.27703437 872 B6KUCH01 253.00000000
-545983.4024931 -1221128.76252668 873 B6KUNV01 215.27000000
-620076.5157492 -1210832.39148487 874 B6LAAT01 184.00000000
-478478.81663354 -1191137.43027209 875 B6LADC01 254.00000000
-623067.4416766 -1229072.72976334 876 B6LEIS01 457.00000000
-658647.86490072 -1206860.67493948 877 B6LEOD01 288.00000000
-737902.36275564 -1216328.5038969 878 B6LIEB01 903.00000000
-712998.40444284 -1202635.8142702 879 B6LIMB01 564.00000000
-563941.89081251 -1265391.32296265 880 B6LIMH01 181.00000000
-616163.62831629 -1219655.96451719 881 B6LOOS01 254.00000000
-520562.90964917 -1214056.01035026 882 B6LUBI01 273.00000000
-511285.66438002 -1229650.04340726 883 B6LUKA01 171.00000000
-635535.7513291 -1215249.28710299 884 B6MAIL01 212.00000000
-569182.87928884 -1268553.33487062 885 B6MAJA01 586.00000000
-577022.66501583 -1248196.58995093 886 B6MALA01 165.00000000
-556760.96501235 -1260629.05341998 887 B6MDRA01 195.00000000
-699341.77388484 -1195513.28014689 888 B6MEIR01 490.00000000
-703359.05289818 -1256652.68078696 889 B6MELK01 249.00000000
-683484.74060234 -1203870.40724148 890 B6MESS01 485.00000000
-561140.27325188 -1234381.46893891 891 B6MIKU01 236.00000000
-605473.29172144 -1229770.88612173 892 B6MIST01 191.00000000
-614775.51024149 -1206384.27467102 893 B6MITT01 183.00000000
-561129.21175907 -1234270.82490202 894 B6MKUL01 239.00000000
-558907.1316269 -1256729.36249111 895 B6MODP01 531.00000000
-469151.2837877 -1196282.14112069 896 B6MOJT01 650.00000000
-577093.58349296 -1231533.85368244 897 B6MORA01 155.00000000
-487227.23396632 -1212368.87174667 898 B6MOTE01 280.00000000
-532667.04260664 -1216379.21288758 899 B6MYJA01 349.00000000
-533408.81928438 -1215638.36260997 900 B6MYJA02 324.34000000
-454614.7570867 -1210761.20676294 901 B6NIPR01 354.00000000
-466592.77131183 -1217585.95527901 902 B6NIRU01 327.00000000
-515118.0870672 -1204621.49574701 903 B6NOBO01 298.00000000
-514356.50219399 -1217979.87557152 904 B6NOME01 196.00000000
-667907.64065046 -1203743.13128083 905 B6NONN01 469.00000000
-462537.28637384 -1227405.86460046 906 B6NOVA01 242.00000000
-602460.08531176 -1264093.34798764 907 B6OBER01 150.00000000
-714909.12681027 -1273918.13912581 908 B6OBME01 295.00000000
-477626.96302551 -1235515.81255965 909 B6PAMB01 190.00000000
-568409.82631448 -1256449.45152799 910 B6PERN01 269.00000000
-559607.277142 -1266046.15186256 911 B6PEZI01 151.00000000
-705170.04095016 -1187154.53199494 912 B6PFAF01 573.00000000
-515317.33207733 -1234082.69755609 913 B6PIES01 161.00000000
-553286.2528362 -1238960.00909822 914 B6PLPE01 223.00000000
-688329.66658546 -1189715.5270871 915 B6POMM01 493.00000000
-602240.55274197 -1219047.07554839 916 B6POYS01 198.00000000
-458051.15424428 -1222195.52273158 917 B6PRIE01 256.00000000
-483151.14554181 -1190846.06759382 918 B6PRUS01 243.00000000
-733674.07385944 -1191647.52820687 919 B6PYHR01 541.00000000
-683116.81897062 -1190022.71601443 920 B6RAAB01 395.00000000
-583281.94980547 -1223291.39910812 921 B6RABE01 160.00000000
-553350.83543458 -1213366.04127343 922 B6RADO01 225.00000000
-508689.049948 -1241832.40687606 923 B6RADS01 217.00000000
-761582.4519982 -1212920.51705571 924 B6RAMU01 690.00000000
-732749.76048472 -1277573.06939174 925 B6RAND01 363.00000000
-661611.38583757 -1225658.36736335 926 B6RAVE01 259.00000000
-664258.16617516 -1193652.17828927 927 B6REIG01 465.00000000
-651919.85207032 -1203172.81792914 928 B6RETZ01 320.00000000
-796748.76015947 -1205866.2987606 929 B6ROHR01 597.00000000
-483643.87632762 -1230648.59690212 930 B6RYBA01 187.00000000
-750151.73446232 -1213235.87862061 931 B6SAND01 961.00000000
-565576.69830018 -1226895.28428759 932 B6SAST01 172.00000000
-564545.38916487 -1226216.94491946 933 B6SAST02 164.25000000
-743435.21952855 -1214247.61225398 934 B6SCGU01 880.00000000
-501774.16431333 -1216776.8415533 935 B6SELE01 313.00000000
-545987.90570659 -1222692.44162262 936 B6SENI01 228.00000000
-798522.13105156 -1197971.47718354 937 B6SCHL01 555.00000000
-690025.17056002 -1196228.670882 938 B6SCHO01 585.00000000
-702117.32510941 -1199310.77445189 939 B6SCHT01 491.00000000
-805933.90928612 -1186448.8712174 940 B6SCHW01 730.00000000
-615243.64811559 -1227476.16119386 941 B6SCHZ01 242.00000000
-721240.54692922 -1204377.40651909 942 B6SIEB01 656.00000000
-476520.03655632 -1209496.39319969 943 B6SIPK01 335.00000000
-556980.66916165 -1203842.27854777 944 B6SKAL01 178.00000000
-482641.48816714 -1211315.32605449 945 B6SLAT01 284.00000000
-618311.60349022 -1227026.45983723 946 B6SLEI01 199.00000000
-559925.33782503 -1269255.10032024 947 B6SLGR01 138.00000000
-546681.01680947 -1243516.72582244 948 B6SMOL01 242.00000000
-544895.29686333 -1217547.93325284 949 B6SOBO01 240.00000000
-561606.31640505 -1245733.31165384 950 B6SOLO01 211.00000000
-578207.17687525 -1266295.19219498 951 B6STUP01 345.00000000
-601448.12325491 -1237920.88243195 952 B6SULZ01 201.00000000
-564299.08821471 -1269713.86635572 953 B6SVJU01 180.00000000
-492081.68810206 -1241746.93871012 954 B6TOPO01 142.00000000
-685481.74932735 -1280816.39087841 955 B6TRAI01 340.00000000
-500545.34123922 -1207174.11401279 956 B6TREN01 205.00000000
-539578.41126494 -1259282.58294491 957 B6TRNA01 146.00000000
-487487.54899142 -1203528.32290443 958 B6TRTE01 282.00000000
-648956.04774288 -1251879.47237949 959 B6TULN01 175.00000000
-536181.11588939 -1216825.56529713 960 B6TURA01 295.00000000
-476820.44639183 -1223420.5294121 961 B6UHRO01 268.00000000
-477212.99128946 -1222829.15502454 962 B6UHRO02 261.00000000
-647448.66168189 -1202910.35315626 963 B6UNTR01 243.00000000
-471315.61657468 -1207147.51805022 964 B6VABE01 456.00000000
-464152.9359189 -1205068.67835545 965 B6VABG01 482.00000000
-504968.88984445 -1246633.21660246 966 B6VERI01 200.00000000
-707455.07479437 -1196392.62765885 967 B6VITI01 522.00000000
-577319.74388492 -1240229.65161726 968 B6VLEV01 152.36000000
-540278.87489452 -1211069.20068988 969 B6VRBO01 310.00000000
-539640.48482122 -1210572.29157477 970 B6VRBO02 308.00000000
-523425.46433118 -1232886.04659094 971 B6VRBV01 190.00000000
-586440.32664498 -1258626.12595233 972 B6VYSM01 145.00000000
-700161.00677117 -1192608.09877119 973 B6WATH01 495.00000000
-684535.59639018 -1182341.04152286 974 B6WEIK01 460.00000000
-661480.50813575 -1200142.34439725 975 B6WEIT01 418.00000000
-733211.60060472 -1209543.77946596 976 B6WERT01 780.00000000
-627910.5628801 -1263218.66555299 977 B6WIEN01 203.00000000
-754972.39725179 -1209779.37759479 978 B6WIFR01 420.00000000
-611036.26852533 -1208025.48594139 979 B6WILD01 208.00000000
-828113.81606353 -1253570.62977815 980 B6WOLF01 635.00000000
-615265.87921654 -1250070.46092989 981 B6WOLK01 185.00000000
-724062.65425903 -1259183.00107802 982 B6YBBS01 231.00000000
-496674.78331905 -1232524.74782337 983 B6ZAVA01 247.00000000
-595311.6279292 -1236114.88173029 984 B6ZIST01 201.00000000
-492920.08827997 -1225153.6348617 985 B6ZLAT01 268.00000000
-580654.00500042 -1260343.00900448 986 B6ZOHO01 146.00000000
-590579.99475667 -1252603.49375503 987 B6ZVES01 139.86000000
-630460.19350087 -1210340.87271769 988 B6ZWIN01 182.00000000
-753741.99548843 -1241592.59557255 989 C6ALLE01 542.00000000
-711382.98239364 -1183671.00900396 990 C6ALTM01 589.00000000
-737536.83915043 -1265845.0986932 991 C6AMST01 266.00000000
-798303.49815399 -1226654.06655368 992 C6ASCH01 282.00000000
-854213.64740413 -1240879.42853782 993 C6ASPA01 427.00000000
-769357.56956338 -1251706.97468478 994 C6ENNS01 317.00000000
-760560.77170168 -1217998.75985105 995 C6FREI01 539.00000000
-815249.94434424 -1244325.80471604 996 C6GALL01 426.00000000
-722316.52394458 -1194369.49291744 997 C6GMUN01 500.00000000
-807836.58866871 -1200558.06140143 998 C6KOLL01 714.00000000
-737462.99239319 -1231642.58988398 999 C6KONI01 600.00000000
-794973.54705439 -1263976.27042975 1000 C6KREM01 382.00000000
-813882.32030515 -1256663.44194719 1001 C6LAMB01 360.00000000
-758981.40332235 -1205867.35807936 1002 C6LEOP01 
-779888.86792716 -1238912.07743957 1003 C6LINZ01 262.00000000
-715279.36895598 -1173751.11942086 1004 C6LITS01 558.00000000
-779917.80622527 -1219817.46351629 1005 C6OBER01 800.00000000
-740373.13415532 -1241803.37263882 1006 C6PABN01 595.00000000
-834485.62497633 -1193243.21797104 1007 C6PASS01 409.00000000
-772891.20790608 -1221917.8389601 1008 C6REIC01 689.00000000
-839769.06671139 -1211456.7473399 1009 C6SCHA01 307.00000000
-721358.05046659 -1204137.91105285 1010 C6SIEB01 656.00000000
-770794.29085559 -1268237.29487318 1011 C6WACH01 384.00000000
-810343.84503376 -1231213.65825253 1012 C6WAIZ01 400.00000000
-729014.90559789 -1200785.19999162 1013 C6WEIT01 572.00000000
-727151.31591741 -1234449.6335707 1014 C6ZILL01 880.00000000
-707765.48808464 -1212271.44742037 1015 C6ZWET01 505.00000000
-572870.54083336 -1016494.08364144 1016 H6BARD01 320.00000000
-608924.21255736 -985670.85247799 1017 H6BOGU01 520.00000000
-613073.10732351 -965487.26099657 1018 H6BOLK01 310.00000000
-643042.91662367 -976753.70110547 1019 H6BORC01 665.00000000
-551266.49702459 -977023.39914842 1020 H6BORO01 145.00000000
-625727.05338441 -987767.92159938 1021 H6BUKO01 510.00000000
-622342.25055247 -970912.35064498 1022 H6CIEC01 405.00000000
-599841.64705192 -1024754.59910845 1023 H6DUZD01 565.00000000
-576783.77847608 -992467.30813208 1024 H6DZIE01 260.00000000
-595453.74272601 -1011585.55366699 1025 H6GAJO01 400.00000000
-585232.6648467 -1017964.65512095 1026 H6GORZ00 
-618332.75524203 -993329.35736946 1027 H6CHEL01 500.00000000
-605228.00077397 -952495.01090491 1028 H6JAWO01 195.00000000
-598140.85206996 -990242.88325255 1029 H6JEDL01 430.00000000
-635054.86150928 -965719.24278086 1030 H6JELE01 342.00000000
-622818.80052777 -966488.09294441 1031 H6KACR01 470.00000000
-619353.5349593 -982459.96195934 1032 H6KAMI01 360.00000000
-638046.0031606 -978920.73997448 1033 H6KARP01 575.00000000
-582900.36036813 -1023476.19591581 1034 H6KLOD01 356.00000000
-633866.16677015 -976616.53153693 1035 H6KOWA01 430.00000000
-611969.71366441 -1020034.7404933 1036 H6KUDO01 360.00000000
-602100.43458405 -936721.86909411 1037 H6LEGN01 122.00000000
-591975.472258 -985889.07927594 1038 H6LUBA01 305.00000000
-607825.91591997 -979748.77611568 1039 H6LUBO01 470.00000000
-610987.64844285 -995066.11228765 1040 H6MIER01 495.00000000
-628604.32847084 -984406.80192074 1041 H6PACZ01 640.00000000
-626120.52664735 -986265.82062562 1042 H6PAPR01 835.00000000
-643094.39270075 -973049.52515684 1043 H6PODG01 380.00000000
-590780.92835708 -1024298.45249231 1044 H6POLA01 410.00000000
-644923.31546108 -975854.89093938 1045 H6PRZE01 650.00000000
-582895.43317946 -976809.98588921 1046 H6PSZE01 225.00000000
-591702.18204175 -995657.63354227 1047 H6RZCZ01 624.00000000
-599758.71153425 -1024651.88308379 1048 H6SLOS01 555.00000000
-640645.46931527 -983428.27981404 1049 H6SNEZ01 1603.00000000
-577636.97824094 -1008377.29311286 1050 H6SRGO01 403.00000000
-649997.93584104 -962126.86773121 1051 H6STAR01 370.00000000
-577636.97824094 -1008377.29311286 1052 H6STRE01 405.00000000
-683092.729942 -939926.82585338 1053 H6SULI01 215.00000000
-626250.6027389 -954099.18824895 1054 H6SWIE01 270.00000000
-604623.30588038 -979663.3342939 1055 H6SZCZ01 430.00000000
-587351.99914387 -1023665.29704924 1056 H6SZGO01 335.00000000
-593999.44780626 -1009395.6306504 1057 H6TLUM00 
-635202.43262345 -944410.66307216 1058 H6TWAR01 250.00000000
-555024.74715203 -951909.16937806 1059 H6WROC01 120.00000000
-599224.92080702 -1032098.13901204 1060 H6ZIEL01 720.00000000
-845744.38765568 -1137075.74517827 1061 L6BAEI01 710.00000000
-888384.69418579 -1051436.47120369 1062 L6BAER01 610.00000000
-857609.16719441 -1157747.06604194 1063 L6BIMA01 684.00000000
-854767.43379031 -1139503.97941778 1064 L6BOMA01 648.00000000
-892230.34954385 -1001978.91117048 1065 L6BRAM01 600.00000000
-849079.51655553 -1134759.71435063 1066 L6BREN01 1040.00000000
-827875.75747196 -1190410.11694298 1067 L6BUKA01 460.00000000
-896764.64706256 -1095145.15954798 1068 L6DIKI01 498.00000000
-925179.98885948 -1096020.59849161 1069 L6EBPI01 480.00000000
-915271.03179474 -1045129.2787412 1070 L6ERBE01 500.00000000
-927348.00651615 -1174626.09282023 1071 L6ERKL01 450.00000000
-897747.1604701 -1130716.56540291 1072 L6FALK01 562.00000000
-895807.53513413 -1059678.49922267 1073 L6FLBU01 695.00000000
-899655.86059595 -1060842.52625495 1074 L6FLOS01 515.00000000
-825148.6866753 -1172149.79934076 1075 L6FRKR01 803.00000000
-844401.96317873 -1201080.236727 1076 L6FUTE01 476.00000000
-850578.33407384 -1136328.19799374 1077 L6GRAR01 1446.00000000
-840327.26768476 -1141733.74641838 1078 L6GRFA01 1307.00000000
-864281.79948196 -1152988.09949887 1079 L6GRMU01 586.00000000
-820821.76609041 -1176504.80415023 1080 L6GRRE01 655.00000000
-905441.9307178 -1088068.05549594 1081 L6GUWE01 500.00000000
-811582.24795879 -1172247.79024084 1082 L6HABI01 1020.00000000
-898509.01316366 -1017843.51187053 1083 L6HOEG01 517.00000000
-917963.43413652 -990049.81258315 1084 L6HOFH01 567.00000000
-934613.88921477 -1173399.93609219 1085 L6HOTH01 470.00000000
-832492.91457018 -1187919.09024561 1086 L6HUTT01 465.00000000
-853045.29600626 -1160369.29711043 1087 L6KIZE01 705.00000000
-916100.19859385 -1189697.44066028 1088 L6KRON01 493.00000000
-932513.94164918 -1081674.29291496 1089 L6KUEM01 541.00000000
-853625.01054812 -1124598.36725628 1090 L6LALA01 692.00000000
-904148.06072491 -1073286.20344868 1091 L6LERG01 538.00000000
-837553.93459401 -1147782.69520641 1092 L6LIBU01 740.00000000
-879488.98596022 -1041625.47763177 1093 L6MAEH01 675.00000000
-821113.99320014 -1161506.57136312 1094 L6MAFI01 1004.00000000
-883933.3505147 -1046532.75545356 1095 L6MAGR01 720.00000000
-907419.70947118 -1027621.19169928 1096 L6MARK01 508.00000000
-913197.91522628 -1011633.23943694 1097 L6MATL01 524.00000000
-821933.0942225 -1167006.8652945 1098 L6MAUT01 811.00000000
-829785.2822905 -1162007.70279924 1099 L6NEAL01 730.00000000
-812842.69614835 -1178807.36722088 1100 L6NEDU01 880.00000000
-807357.9819192 -1186016.79151052 1101 L6NEKL01 668.00000000
-884178.85216464 -1033417.3559359 1102 L6NEUA01 545.00000000
-895294.40555746 -1108575.87753835 1103 L6NEUK01 465.00000000
-895022.33460425 -1091712.4386782 1104 L6OBVI01 595.00000000
-883377.46005274 -1110520.03247865 1105 L6PEGR01 501.00000000
-904495.03597651 -1031837.5009012 1106 L6PECH01 550.00000000
-833238.78040158 -1176559.30791137 1107 L6PERL01 540.00000000
-815838.34293112 -1167910.9773652 1108 L6PHIL01 917.00000000
-875819.80650586 -1132352.56819789 1109 L6PRMO01 505.00000000
-917410.71745095 -1050406.36987319 1110 L6PRMU01 593.00000000
-853135.22381814 -1152814.43388997 1111 L6REGE01 572.00000000
-926268.71487767 -1131601.3854765 1112 L6REGN01 366.00000000
-909302.75130936 -1002819.76927052 1113 L6REHA01 587.00000000
-830149.19390075 -1180735.4952336 1114 L6ROEH01 480.00000000
-887525.84451046 -1106127.56275411 1115 L6ROST01 450.00000000
-874261.05390309 -1145779.29913238 1116 L6SAEN01 810.00000000
-842903.93114911 -1175093.85235143 1117 L6SALD01 455.00000000
-832814.17089554 -1165375.36457778 1118 L6SAOS01 754.00000000
-838374.78214628 -1177582.68343347 1119 L6SAST01 572.00000000
-882805.51940154 -1084358.39124535 1120 L6SCDI01 695.00000000
-847874.98452455 -1166793.87331776 1121 L6SCEF01 770.00000000
-840903.93387344 -1169773.29162835 1122 L6SCEN01 550.00000000
-906101.20684953 -1005282.22019589 1123 L6SCFI01 632.00000000
-814280.884726 -1190624.34015993 1124 L6SONN01 847.00000000
-838944.25785742 -1156908.70938799 1125 L6SPKL01 759.00000000
-896465.90302821 -1161018.71170931 1126 L6STRA01 350.00000000
-861620.52579503 -1144061.21867943 1127 L6TEIS01 470.00000000
-894664.15864446 -1082415.1567413 1128 L6TEWI01 671.00000000
-906763.04879166 -1016451.43538217 1129 L6THIE01 595.00000000
-884591.80225145 -1095336.36293656 1130 L6TIEF01 543.00000000
-893075.8765732 -1043220.02369444 1131 L6TIRS01 515.00000000
-841342.15261756 -1180957.06241646 1132 L6TITT01 506.00000000
-904233.74614023 -1080827.21200648 1133 L6TRRE01 465.00000000
-816704.44294328 -1207130.70804831 1134 L6UNGO01 630.00000000
-821679.41918038 -1198864.99592426 1135 L6UNSC01 495.00000000
-865004.20293512 -1134070.91004919 1136 L6VIBU01 662.00000000
-867975.17285071 -1137429.85419875 1137 L6VIEC01 455.00000000
-898840.00333795 -1070449.6847473 1138 L6VOHE01 548.00000000
-829520.43717983 -1160248.00091877 1139 L6WAHA01 940.00000000
-912202.25044413 -1034368.76956622 1140 L6WAHO01 690.00000000
-823414.71165868 -1185452.26592513 1141 L6WAKI01 625.00000000
-888436.79648853 -1073971.45398422 1142 L6WAPF01 499.00000000
-894170.1743492 -1027929.17392758 1143 L6WASA01 501.00000000
-909866.42455216 -1034765.104368 1144 L6WASC01 723.00000000
-898220.04227493 -1066719.20379545 1145 L6WATH01 569.00000000
-908900.47009604 -1064933.14793519 1146 L6WEID01 438.00000000
-809218.01261036 -1198783.52128719 1147 L6WEME01 670.00000000
-904286.06464631 -1037512.2775601 1148 L6WIES01 513.00000000
-907581.60349514 -1050153.92488147 1149 L6WINE01 467.00000000
-891750.81395276 -1094166.60138407 1150 L6WINK01 517.00000000
-894117.52106921 -1138861.64149629 1151 L6WIUT01 680.00000000
-912740.49845136 -1022994.69812637 1152 L6WUNS01 520.00000000
-901906.33435273 -1126312.53598745 1153 L6ZEWO01 530.00000000
-846497.70084817 -1150126.08721928 1154 L6ZWBE01 615.00000000
-844782.79096865 -1146676.40801546 1155 L6ZWIE01 615.00000000
-847168.00405273 -1146309.20997408 1156 L6ZWRA01 690.00000000
-842423.41974527 -1139499.64244359 1157 L6ZWWA01 699.00000000
-488991.99844431 -1064500.537367 1158 O6BABO01 230.00000000
-419402.24659659 -1108894.67170173 1159 O6BBIA01 396.00000000
-428345.39635476 -1171566.97011849 1160 O6BELA01 494.00000000
-475487.09322091 -1187040.79597227 1161 O6BELU01 254.00000000
-557558.7793153 -1045162.10693706 1162 O6BIEL01 695.00000000
-410270.36519029 -1078571.90957626 1163 O6BIER01 255.00000000
-424077.83176963 -1115229.75006253 1164 O6BLAT01 882.00000000
-565427.85163514 -1045689.62776267 1165 O6BOLE01 600.00000000
-502977.81782886 -1074510.58640099 1166 O6BRAN01 310.00000000
-505046.08589569 -1074319.62567711 1167 O6BRCE00 
-504913.69434466 -1074443.58495178 1168 O6BRCE01 
-429119.29588748 -1114058.10739139 1169 O6BREN01 350.00000000
-427118.04960197 -1119010.95192076 1170 O6BRLE01 430.00000000
-465903.16474563 -1171557.90434071 1171 O6BRVN01 372.00000000
-581985.46028466 -1038903.27336335 1172 O6BYKL01 365.00000000
-456754.60244638 -1171424.69586438 1173 O6BYTC01 335.00000000
-436656.28970893 -1150059.67982098 1174 O6CADC01 432.00000000
-447750.6765284 -1110230.0101656 1175 O6CIES01 255.00000000
-446432.04438852 -1113573.44668033 1176 O6CSZN00 
-446351.21148405 -1113468.41221147 1177 O6CSZN01 
-433402.49165989 -1121644.01270779 1178 O6CZAN01 852.00000000
-403833.2552621 -997371.60454083 1179 O6CZES01 262.00000000
-583785.32093055 -1044303.70904432 1180 O6DLZD01 365.00000000
-550770.7752747 -990833.14068811 1181 O6DOBR01 175.00000000
-452290.26294627 -1170450.91977536 1182 O6DOHR01 309.00000000
-401364.58347581 -1174025.57536198 1183 O6DOKU01 468.00000000
-458485.34757209 -1190697.0675457 1184 O6DOMA01 367.00000000
-549980.40105229 -1029833.75378904 1185 O6DZWT01 240.00000000
-501804.11305498 -1045460.78259654 1186 O6GLOG01 210.00000000
-501935.66155913 -1060084.05538997 1187 O6GLUB01 290.00000000
-530193.35118227 -1042986.01262338 1188 O6GLUZ00 
-529723.38901828 -1044037.9001839 1189 O6GLUZ01 350.00000000
-454403.43651301 -1092830.74003338 1190 O6GOLK01 211.00000000
-525611.93598153 -1002630.63859658 1191 O6GROD01 170.00000000
-474311.70414895 -1167274.89961155 1192 O6HOMA01 429.00000000
-431421.73871714 -1166978.92028722 1193 O6HOVA01 461.00000000
-398283.61605639 -1164658.38252709 1194 O6HRUS01 697.00000000
-383195.94645774 -1177312.76557152 1195 O6HUTY01 795.00000000
-466453.56266755 -1092153.26285868 1196 O6CHAL00 194.00000000
-466897.78128985 -1091445.60469096 1197 O6CHAL01 205.00000000
-429034.36669627 -1134368.83193212 1198 O6ISTE00 
-429195.82467864 -1134579.39955301 1199 O6ISTE01 580.00000000
-526987.67868737 -1046092.54185774 1200 O6JARN00 350.00000000
-526256.76830151 -1045939.89781658 1201 O6JARN01 350.00000000
-447128.30283157 -1103473.19118514 1202 O6KACZ01 280.00000000
-417159.83282059 -1135612.90647507 1203 O6KAME01 470.00000000
-566434.03230666 -1049834.71458838 1204 O6KAMI01 700.00000000
-413384.34957387 -1060932.24689053 1205 O6KATO01 278.00000000
-487548.96252704 -1072447.80561192 1206 O6KIET01 220.00000000
-401806.10247283 -1118015.01692005 1207 O6KOMO01 420.00000000
-396752.14657587 -1137227.04664083 1208 O6KORB01 650.00000000
-513020.0738028 -1025638.40321309 1209 O6KORF01 200.00000000
-456587.48897083 -1149902.47619582 1210 O6KORN01 565.00000000
-391673.73755193 -1127999.77431172 1211 O6KOSZ01 595.00000000
-359943.11709676 -1082334.23912776 1212 O6KRAK01 215.00000000
-415632.67444405 -1182233.6527528 1213 O6KRAL01 430.00000000
-435080.62327949 -1154088.14628849 1214 O6KRAS01 389.00000000
-468784.63020849 -1084027.67859912 1215 O6KRZY00 
-428254.27711505 -1130859.60014222 1216 O6KUBA01 780.00000000
-445984.57566425 -1185686.62881608 1217 O6KUNE01 550.00000000
-438489.10997688 -1164975.26082645 1218 O6KYNM01 372.00000000
-442207.40663284 -1047396.92548238 1219 O6LABE01 208.00000000
-420938.98816104 -1138561.01429484 1220 O6LALI01 680.00000000
-564814.74892486 -1035687.43162264 1221 O6LAZD01 460.00000000
-458062.43164958 -1092637.79634318 1222 O6LAZI00 
-481458.05717383 -1168780.52698894 1223 O6LAZY01 390.00000000
-373644.9263513 -1161242.39163423 1224 O6LIES01 692.00000000
-415389.93025966 -1125596.29894121 1225 O6LIPO01 530.00000000
-393330.02828392 -1159548.22598543 1226 O6LOKC01 628.00000000
-336055.33209421 -1182249.72895678 1227 O6LOST01 2634.00000000
-412621.88896783 -1186025.74654719 1228 O6LUBO01 470.00000000
-437447.43402871 -1187032.57428338 1229 O6MAHO01 1241.00000000
-459784.86584877 -1154213.20293873 1230 O6MAKO01 574.00000000
-420000.1954482 -1103494.24857944 1231 O6MAZA01 297.00000000
-545714.31402105 -1027917.4789009 1232 O6MESZ01 213.00000000
-573840.65834971 -1048609.24338184 1233 O6MIEG01 710.00000000
-582240.40254251 -1055321.67541055 1234 O6MIEL01 450.00000000
-431263.99901521 -1133191.15255507 1235 O6MLGO01 820.00000000
-399524.29421964 -1148512.88654967 1236 O6MUTN01 835.00000000
-387715.65657886 -1155260.79818144 1237 O6NAME01 614.00000000
-434300.76282496 -1177686.0456571 1238 O6NELU01 360.00000000
-442056.64764613 -1162126.44744399 1239 O6NESL01 425.00000000
-558388.42749913 -1041386.35413148 1240 O6NOGI01 635.00000000
-405061.41396368 -1151679.15306496 1241 O6NOVO01 772.00000000
-403220.86922672 -1152370.92098806 1242 O6NOVO02 752.00000000
-435862.02248728 -1103374.44530026 1243 O6OCHB01 270.00000000
-576472.44615834 -1032892.39265264 1244 O6OLDK01 340.00000000
-575316.848886 -1032120.40935053 1245 O6OLDR01 340.00000000
-485198.37652568 -1011892.2361221 1246 O6OPOL01 165.00000000
-409861.968748 -1158574.83493785 1247 O6ORLE01 785.00000000
-397228.30613499 -1171312.11318027 1248 O6ORPO01 526.00000000
-394480.14049357 -1148093.88313364 1249 O6ORVE01 754.00000000
-429541.30052442 -1148385.0858125 1250 O6OSCA01 502.00000000
-578882.21507109 -1000746.39678112 1251 O6OSTR01 375.00000000
-554083.46712464 -1023152.42893719 1252 O6PACZ01 220.00000000
-410350.90529735 -1178053.38047854 1253 O6PARN01 454.00000000
-398780.40915497 -1127156.36296031 1254 O6PEMA01 425.00000000
-511507.97446931 -1059640.09940721 1255 O6PIEL01 310.00000000
-468445.67495207 -1184401.01214548 1256 O6POBY01 350.00000000
-391364.1797183 -1143074.5428582 1257 O6POLH01 725.00000000
-390540.09272029 -1141683.28471522 1258 O6POLH03 686.00000000
-460368.26834349 -1185967.14488126 1259 O6PREC01 326.00000000
-520344.14959323 -1043268.71205441 1260 O6PRUD01 260.00000000
-464198.01828301 -1193237.19534989 1261 O6PRUZ01 392.00000000
-423523.87475646 -1087492.42364002 1262 O6PSZC01 270.00000000
-582895.43317946 -976809.98588921 1263 O6PSZE01 225.00000000
-474075.43481325 -1180799.65488845 1264 O6PUCH01 285.00000000
-387196.06249385 -1147827.35721802 1265 O6RABA01 645.00000000
-386029.28622518 -1145678.99911439 1266 O6RABC01 718.00000000
-471550.22387835 -1069386.59272137 1267 O6RACI00 
-474997.7413696 -1076010.69555248 1268 O6RACI01 206.00000000
-409778.07681465 -1128023.59288129 1269 O6RADW01 395.00000000
-414526.15062198 -1143060.69140463 1270 O6RAJC01 495.00000000
-451759.60388165 -1187341.15237638 1271 O6RAJE01 462.00000000
-453722.7364686 -1190751.89149848 1272 O6RALE01 492.00000000
-500861.48240898 -1045324.33412518 1273 O6RASL00 
-502311.68252212 -1046307.6773511 1274 O6RASL01 200.00000000
-446797.42866441 -1183948.11175841 1275 O6RATE01 453.00000000
-430779.2627225 -1117721.74894774 1276 O6ROWW01 768.00000000
-427537.72098395 -1103024.43006914 1277 O6RUDZ01 345.00000000
-453305.60174618 -1067471.46851204 1278 O6RYBN01 216.00000000
-458087.11441748 -1077454.34721868 1279 O6RYDT01 290.00000000
-421901.68916853 -1151203.17325862 1280 O6RYGO01 712.00000000
-429480.92797365 -1142923.79037598 1281 O6SKAL01 538.00000000
-434185.32506655 -1108639.85088053 1282 O6SKOW01 290.00000000
-393615.78042198 -1120724.90425716 1283 O6SLEM01 460.00000000
-412194.15314938 -1148811.18191732 1284 O6SOBL01 620.00000000
-427793.54519827 -1159674.80336432 1285 O6STBY01 493.00000000
-427802.09515698 -1159785.68556983 1286 O6STBY02 484.00000000
-425750.1879495 -1133172.78505315 1287 O6STEC01 725.00000000
-411829.41416741 -1110916.9595245 1288 O6STRA01 450.00000000
-565475.83580946 -1040651.60663333 1289 O6STSL01 490.00000000
-426547.85337655 -1187208.00932158 1290 O6SUCA01 392.00000000
-474472.57186348 -1053499.5978232 1291 O6SUKO01 180.00000000
-454611.72013537 -1178294.96497557 1292 O6SULO01 393.00000000
-450370.31640718 -1165697.68562347 1293 O6SVED01 347.00000000
-421009.65996842 -1120485.09921944 1294 O6SZRK01 600.00000000
-568643.08332806 -1009557.65999016 1295 O6TARN01 295.00000000
-442504.55196486 -1180609.48133406 1296 O6TURI01 460.00000000
-498542.15466856 -1079497.0965854 1297 O6TURK01 300.00000000
-450014.85587852 -1152337.43844505 1298 O6TURZ01 465.00000000
-449463.43959496 -1151824.32071964 1299 O6TURZ02 522.00000000
-423646.94944186 -1188544.42978416 1300 O6TUST01 421.00000000
-416582.51668372 -1072851.05400307 1301 O6TYCH01 277.00000000
-430652.81623896 -1117954.77192466 1302 O6USTR01 650.00000000
-455579.95409344 -1158019.71316818 1303 O6VERO01 529.00000000
-419763.88905278 -1173002.12020954 1304 O6VRAT01 638.00000000
-447356.87065981 -1200079.13032367 1305 O6VRIC01 592.00000000
-430033.94015504 -1186828.65325924 1306 O6VRUT01 382.00000000
-478582.12255017 -1171038.24564599 1307 O6VYDR01 380.00000000
-421620.65324933 -1112406.45864407 1308 O6WAPI01 456.00000000
-438858.05577448 -1086731.80719505 1309 O6WARC01 270.00000000
-438858.05577448 -1086731.80719505 1310 O6WARS01 270.00000000
-437670.48787497 -950059.16733921 1311 O6WIEL01 198.00000000
-429704.51823761 -1128069.47444344 1312 O6WISG01 480.00000000
-430614.51995149 -1124874.7850223 1313 O6WISL01 430.00000000
-423076.91242568 -1126685.27457815 1314 O6WISM01 685.00000000
-496117.45165026 -1067877.88515021 1315 O6WOJN01 250.00000000
-408802.17880907 -1137352.75036905 1316 O6ZABN01 570.00000000
-402594.3177645 -1157768.83335252 1317 O6ZAKA01 680.00000000
-412873.4889316 -1168722.72752655 1318 O6ZAZR01 595.00000000
-441077.92551108 -1173694.78474338 1319 O6ZILI01 365.00000000
-467944.77734939 -1200289.04062542 1320 O6ZLIE01 614.00000000
-563744.30530319 -1024054.67536971 1321 O6ZLST01 320.00000000
-483272.95505944 -1177887.63934085 1322 O6ZUBA01 516.00000000
-660342.90879778 -971281.69471118 1323 P6JAKU01 860.00000000
-653147.14521254 -956025.19551231 1324 P6JANI01 415.00000000
-652195.0705477 -967351.00186906 1325 P6KOPA01 510.00000000
-652899.72076672 -951123.13567367 1326 P6LUBO01 355.00000000
-662215.9550392 -952662.8589462 1327 P6MIRS01 340.00000000
-644426.18141536 -957647.47942166 1328 P6PILE01 245.00000000
-658093.54462121 -957097.99320382 1329 P6REBI01 420.00000000
-654108.99015309 -970815.78577012 1330 P6SPOR01 645.00000000
-665114.3287221 -962280.61795711 1331 P6SZDR01 510.00000000
-637807.79339023 -923251.65345946 1332 P6TOBO01 185.00000000
-928139.58221054 -1150125.51807217 1333 U6ABBA01 378.00000000
-950460.45792659 -1150030.85706991 1334 U6ABSA01 380.00000000
-901604.3007804 -1146991.37276149 1335 U6AHOL01 325.00000000
-863034.57554226 -1192586.39057105 1336 U6ALDE01 325.00000000
-906668.35268996 -1095418.66644263 1337 U6ALDO01 391.00000000
-783539.30056833 -957157.86165455 1338 U6ALKI01 550.00000000
-910934.12310069 -1128536.89393814 1339 U6ALTH01 518.00000000
-835158.469329 -975511.14677218 1340 U6ANBU01 630.00000000
-823882.33212342 -949127.97871736 1341 U6AUGU01 451.00000000
-679848.1248454 -944942.53716181 1342 U6BIER01 270.00000000
-903817.2385116 -985024.04710539 1343 U6BOBE01 453.00000000
-857938.79508933 -975713.43973342 1344 U6BOCK01 509.00000000
-691468.07025111 -958700.8709019 1345 U6BOGA01 295.00000000
-864339.82164665 -985944.90252959 1346 U6CARL01 897.00000000
-779948.23940617 -965219.59327665 1347 U6CINO01 882.00000000
-840437.18083345 -978508.18568227 1348 U6CROT01 640.00000000
-831969.97982059 -962950.75509597 1349 U6DREB01 475.00000000
-863747.23680286 -974772.55195674 1350 U6EIBE01 546.00000000
-880926.45284703 -970033.91491838 1351 U6EIC001 485.00000000
-894785.6960178 -988355.45325235 1352 U6EICH01 450.00000000
-894015.06903275 -997958.61044952 1353 U6ELST01 510.00000000
-844185.91324728 -972283.50278011 1354 U6ELTR01 600.00000000
-883161.2551057 -997849.90586703 1355 U6ERLB01 582.00000000
-880127.26945541 -979524.43297438 1356 U6FAST01 541.00000000
-840979.65346436 -989683.07262663 1357 U6FICH01 1213.00000000
-770114.84416043 -962831.19276262 1358 U6FUER01 679.00000000
-849700.87948141 -961941.94710288 1359 U6GABL01 507.00000000
-661715.63883986 -958891.6175256 1360 U6GIER01 470.00000000
-689792.84976243 -928961.56151933 1361 U6GOER01 238.00000000
-806470.20801543 -951808.08405124 1362 U6GRHA01 490.00000000
-658227.03647259 -948448.80212322 1363 U6GRYF01 325.00000000
-920592.33761831 -1149478.36463328 1364 U6HAGE01 365.00000000
-789971.60379662 -952492.83268229 1365 U6HARE01 527.00000000
-864329.12690613 -970846.37935301 1366 U6HART01 563.00000000
-819968.24840225 -977873.81630612 1367 U6HIRE01 755.00000000
-648325.01890022 -972865.81329514 1368 U6JAGN01 630.00000000
-829305.43826629 -983969.13220511 1369 U6JOEH01 717.00000000
-873338.27648944 -967568.06333264 1370 U6KIST01 455.00000000
-817100.37390606 -974601.15947215 1371 U6KUEH01 715.00000000
-773349.12624949 -960562.98547482 1372 U6LAUE01 505.00000000
-822104.00336428 -960661.04517637 1373 U6LENG01 528.00000000
-669659.44025638 -946572.76852297 1374 U6LESN01 238.00000000
-744222.43486883 -947869.95796505 1375 U6LIMI01 320.00000000
-845058.52126035 -977776.09758161 1376 U6MAER01 487.00000000
-887799.81463033 -997079.83745085 1377 U6MANE01 555.00000000
-823245.26030237 -968025.76548004 1378 U6MARI01 639.00000000
-903080.38737527 -966307.10872801 1379 U6MEHL01 496.00000000
-680338.41533958 -946562.34862582 1380 U6MIED01 295.00000000
-871046.1202881 -982935.8437733 1381 U6MORA01 672.00000000
-878651.72944859 -985405.26528457 1382 U6MULD01 710.00000000
-799419.76217692 -967950.00586491 1383 U6NEUH01 593.00000000
-838940.26078633 -991805.84035447 1384 U6OBWI01 940.00000000
-765830.00500033 -957830.70067828 1385 U6OELS01 555.00000000
-686115.34882366 -945819.44983483 1386 U6OSTR00 
-897335.56341267 -974841.13526051 1387 U6PLAU01 386.00000000
-668330.69160838 -956832.40518915 1388 U6POBI01 420.00000000
-813668.33725706 -960160.66802126 1389 U6POFO01 456.00000000
-904749.00157334 -990506.83415754 1390 U6POSS01 555.00000000
-906557.95854839 -993922.41433858 1391 U6REGN01 530.00000000
-790685.79915029 -965432.32375298 1392 U6REHO01 780.00000000
-817157.09977089 -959624.47051922 1393 U6REIF01 450.00000000
-849715.81569893 -984468.12092347 1394 U6RITT01 690.00000000
-876550.06714198 -972675.10284761 1395 U6RODE01 464.00000000
-684549.38320747 -902712.14695998 1396 U6SANI01 150.00000000
-802348.87099492 -963683.82286163 1397 U6SAYD01 670.00000000
-880460.5663253 -988939.41763683 1398 U6SCKO01 768.00000000
-851220.50242606 -978595.71165081 1399 U6SCHB01 554.00000000
-783815.47612138 -959028.64898305 1400 U6SCHE01 785.00000000
-674327.50991736 -936561.02762824 1401 U6SIEK01 255.00000000
-701179.09362419 -957542.55369971 1402 U6SIEN01 235.00000000
-684821.66468387 -904808.93929777 1403 U6SOBO01 150.00000000
-860834.81368412 -978963.51529717 1404 U6SOSA01 650.00000000
-666609.13074178 -948750.34040691 1405 U6STAN01 341.00000000
-865752.09212761 -972530.3972 1406 U6STHU01 640.00000000
-670118.40072882 -950215.7099727 1407 U6SWIE01 294.00000000
-838979.39738182 -969279.29009618 1408 U6TANN01 532.00000000
-890065.5053584 -981703.66880857 1409 U6TIRP01 485.00000000
-886250.92826357 -980423.85140419 1410 U6WERD01 595.00000000
-689657.61208434 -951306.94024092 1411 U6WYSZ01 325.00000000
-684519.16949379 -933460.38937344 1412 U6ZGOR01 203.00000000
-639569.22321656 -849706.97806645 1413 U6ZIGO01 192.00000000
-779948.23940617 -965219.59327665 1414 U6ZINW01 877.00000000
-664770.26442027 -949316.90581155 1415 U6ZLUB01 360.00000000
-846508.53704939 -964367.37759399 1416 U6ZWOE01 500.00000000
-881944.04853836 -990497.80826215 1417 U6ZWOT01 695.00000000
