EG_GH_ID YEAR MONTH DAY TIME  D   F
-------- ---- ----- --- ----- --- ---
B1BYSH01 2024 12    31  13:00 244 1,6
B1BYSH01 2024 12    31  13:10 252 1,3
B1BYSH01 2024 12    31  13:20 245 1,3
B1BYSH01 2024 12    31  13:30 251 1,4
B1BYSH01 2024 12    31  13:40 246 1,7
B1HOLE01 2024 12    31  13:00 163 5,7
B1HOLE01 2024 12    31  13:10 163 5,7
B1HOLE01 2024 12    31  13:20 163 5,7
B1HOLE01 2024 12    31  13:30 163 5,7
B1HOLE01 2024 12    31  13:40 163 5,7
B1IVAN01 2024 12    31  13:00 245 1,5
B1IVAN01 2024 12    31  13:10 242 1,7
B1IVAN01 2024 12    31  13:20 235 1,8
B1IVAN01 2024 12    31  13:30 241 1,5
B1IVAN01 2024 12    31  13:40 249 1,2
B1KLZI01 2024 12    31  13:00   0   0
B1KLZI01 2024 12    31  13:10   0   0
B1KLZI01 2024 12    31  13:20   0   0
B1KLZI01 2024 12    31  13:30   0   0
B1KLZI01 2024 12    31  13:40 360  ,1
B1KROM01 2024 12    31  13:00 174  ,8
B1KROM01 2024 12    31  13:10 187   1
B1KROM01 2024 12    31  13:20 292  ,3
B1KROM01 2024 12    31  13:30   3  ,1
B1KROM01 2024 12    31  13:40   2  ,1
B1PROS01 2024 12    31  13:00 171 4,5
B1PROS01 2024 12    31  13:10 179 3,9
B1PROS01 2024 12    31  13:20 172 4,1
B1PROS01 2024 12    31  13:30 174 4,5
B1PROS01 2024 12    31  13:40 173 4,1
B1PROT01 2024 12    31  13:00 206   2
B1PROT01 2024 12    31  13:10 208 1,9
B1PROT01 2024 12    31  13:20 212 1,3
B1PROT01 2024 12    31  13:30 201 1,6
B1PROT01 2024 12    31  13:40 216 2,1
B1STME01 2024 12    31  13:00 230 1,8
B1STME01 2024 12    31  13:10 233 1,6
B1STME01 2024 12    31  13:20 236 1,7
B1STME01 2024 12    31  13:30 228 1,9
B1STME01 2024 12    31  13:40 237 1,4
B1STRN01 2024 12    31  13:00 120 1,9
B1STRN01 2024 12    31  13:10 120 2,1
B1STRN01 2024 12    31  13:20 112   2
B1STRN01 2024 12    31  13:30 119 1,7
B1STRN01 2024 12    31  13:40 119 1,8
B1STRZ01 2024 12    31  13:00 221  ,9
B1STRZ01 2024 12    31  13:10 205  ,8
B1STRZ01 2024 12    31  13:20 211  ,9
B1STRZ01 2024 12    31  13:30 231 1,1
B1STRZ01 2024 12    31  13:40 258  ,9
B1VIZO01 2024 12    31  13:00 338  ,3
B1VIZO01 2024 12    31  13:10 323 1,2
B1VIZO01 2024 12    31  13:20 335  ,1
B1VIZO01 2024 12    31  13:30 322  ,3
B1VIZO01 2024 12    31  13:40   5  ,4
B2BROD01 2024 12    31  13:00 195   1
B2BROD01 2024 12    31  13:10 180 1,4
B2BROD01 2024 12    31  13:20  46  ,4
B2BROD01 2024 12    31  13:30 146 1,2
B2BROD01 2024 12    31  13:40 169  ,7
B2BTUR01 2024 12    31  13:00 189 1,6
B2BTUR01 2024 12    31  13:10 191 1,7
B2BTUR01 2024 12    31  13:20 189 1,3
B2BTUR01 2024 12    31  13:30 189 1,4
B2BTUR01 2024 12    31  13:40 174 1,7
B2BYSP01 2024 12    31  13:00 228 1,7
B2BYSP01 2024 12    31  13:10 222 1,7
B2BYSP01 2024 12    31  13:20 220 2,2
B2BYSP01 2024 12    31  13:30 246 1,4
B2BYSP01 2024 12    31  13:40 260   1
B2BZAB01 2024 12    31  13:00 151 1,6
B2BZAB01 2024 12    31  13:10 123 1,7
B2BZAB01 2024 12    31  13:20 129 1,8
B2BZAB01 2024 12    31  13:30 124 1,1
B2BZAB01 2024 12    31  13:40 167  ,9
B2DUKO01 2024 12    31  13:00 151 1,5
B2DUKO01 2024 12    31  13:10 148 2,1
B2DUKO01 2024 12    31  13:20 178 2,4
B2DUKO01 2024 12    31  13:30 199 1,8
B2DUKO01 2024 12    31  13:40 181 2,4
B2DYJA01 2024 12    31  13:00 163  ,8
B2DYJA01 2024 12    31  13:10  75  ,3
B2DYJA01 2024 12    31  13:20  77  ,9
B2DYJA01 2024 12    31  13:30  43  ,3
B2DYJA01 2024 12    31  13:40  96  ,9
B2HAJE01 2024 12    31  13:00 177 1,7
B2HAJE01 2024 12    31  13:10 196 1,4
B2HAJE01 2024 12    31  13:20 175 1,2
B2HAJE01 2024 12    31  13:30 171  ,9
B2HAJE01 2024 12    31  13:40 139 1,2
B2HUBE01 2024 12    31  13:00 147 1,9
B2HUBE01 2024 12    31  13:10 139 2,8
B2HUBE01 2024 12    31  13:20 146 2,7
B2HUBE01 2024 12    31  13:30 149 2,5
B2HUBE01 2024 12    31  13:40 124   2
B2KMYS01 2024 12    31  13:00 186 1,8
B2KMYS01 2024 12    31  13:10 173 2,3
B2KMYS01 2024 12    31  13:20 175   2
B2KMYS01 2024 12    31  13:30 175 1,9
B2KMYS01 2024 12    31  13:40 168 3,2
B2KOBY01 2024 12    31  13:00 207 1,8
B2KOBY01 2024 12    31  13:10 204 1,3
B2KOBY01 2024 12    31  13:20 217 1,6
B2KOBY01 2024 12    31  13:30 221 1,5
B2KOBY01 2024 12    31  13:40 196 1,6
B2KUCH01 2024 12    31  13:00 163 1,7
B2KUCH01 2024 12    31  13:10 181 1,6
B2KUCH01 2024 12    31  13:20 157   2
B2KUCH01 2024 12    31  13:30 122 2,2
B2KUCH01 2024 12    31  13:40 120 1,2
B2LEDN01 2024 12    31  13:00 185 1,7
B2LEDN01 2024 12    31  13:10 180 1,8
B2LEDN01 2024 12    31  13:20 191 1,9
B2LEDN01 2024 12    31  13:30 178 1,9
B2LEDN01 2024 12    31  13:40 185 1,7
B2MBUD01 2024 12    31  13:00  55  ,6
B2MBUD01 2024 12    31  13:10  77  ,6
B2MBUD01 2024 12    31  13:20  92 1,2
B2MBUD01 2024 12    31  13:30 131   1
B2MBUD01 2024 12    31  13:40 141 1,2
B2NEDV01 2024 12    31  13:00 207 3,4
B2NEDV01 2024 12    31  13:10 206 3,6
B2NEDV01 2024 12    31  13:20 205 3,7
B2NEDV01 2024 12    31  13:30 207 2,9
B2NEDV01 2024 12    31  13:40 185   3
B2NEMO01 2024 12    31  13:00 177 2,1
B2NEMO01 2024 12    31  13:10 175 2,5
B2NEMO01 2024 12    31  13:20 178 2,4
B2NEMO01 2024 12    31  13:30 176 2,3
B2NEMO01 2024 12    31  13:40 179 2,1
B2POHO01 2024 12    31  13:00 127  ,4
B2POHO01 2024 12    31  13:10  71  ,7
B2POHO01 2024 12    31  13:20  79  ,2
B2POHO01 2024 12    31  13:30 119  ,9
B2POHO01 2024 12    31  13:40 139 1,1
B2SEDC01 2024 12    31  13:00 119 1,4
B2SEDC01 2024 12    31  13:10 130 1,2
B2SEDC01 2024 12    31  13:20 137 1,4
B2SEDC01 2024 12    31  13:30 130 1,6
B2SEDC01 2024 12    31  13:40 127 1,7
B2TROU01 2024 12    31  13:00 185 1,4
B2TROU01 2024 12    31  13:10 192 1,3
B2TROU01 2024 12    31  13:20 193 1,4
B2TROU01 2024 12    31  13:30 177  ,5
B2TROU01 2024 12    31  13:40 212 1,1
B2VATI01 2024 12    31  13:00 176 1,5
B2VATI01 2024 12    31  13:10 177 1,1
B2VATI01 2024 12    31  13:20 342  ,4
B2VATI01 2024 12    31  13:30 141  ,8
B2VATI01 2024 12    31  13:40 177 1,5
B2VMEZ01 2024 12    31  13:00 118 1,2
B2VMEZ01 2024 12    31  13:10  50  ,3
B2VMEZ01 2024 12    31  13:20  71  ,5
B2VMEZ01 2024 12    31  13:30  95  ,6
B2VMEZ01 2024 12    31  13:40  91   1
C1CERP01 2024 12    31  13:00 231 4,2
C1CERP01 2024 12    31  13:10 217 6,3
C1CERP01 2024 12    31  13:20 224 7,1
C1CERP01 2024 12    31  13:30 218 7,2
C1CERP01 2024 12    31  13:40 220 7,5
C1CHUR01 2024 12    31  13:00 230 5,9
C1CHUR01 2024 12    31  13:10 229 5,5
C1CHUR01 2024 12    31  13:20 226 5,7
C1CHUR01 2024 12    31  13:30 226 5,2
C1CHUR01 2024 12    31  13:40 227 5,1
C1HUSI01 2024 12    31  13:00  79   1
C1HUSI01 2024 12    31  13:10  86 1,6
C1HUSI01 2024 12    31  13:20  69 1,2
C1HUSI01 2024 12    31  13:30  80 1,3
C1HUSI01 2024 12    31  13:40  72 1,5
C1KHOR01 2024 12    31  13:00 286  ,4
C1KHOR01 2024 12    31  13:10 360  ,5
C1KHOR01 2024 12    31  13:20 358  ,8
C1KHOR01 2024 12    31  13:30 294  ,8
C1KHOR01 2024 12    31  13:40 200 2,1
C1KOCE01 2024 12    31  13:00 270 1,3
C1KOCE01 2024 12    31  13:10 287 1,6
C1KOCE01 2024 12    31  13:20 287 1,6
C1KOCE01 2024 12    31  13:30 276 2,8
C1KOCE01 2024 12    31  13:40 273   4
C1KTIS01 2024 12    31  13:00 267   3
C1KTIS01 2024 12    31  13:10 274   3
C1KTIS01 2024 12    31  13:20 314 2,5
C1KTIS01 2024 12    31  13:30 281 2,9
C1KTIS01 2024 12    31  13:40 283 2,1
C1ROZM01 2024 12    31  13:00 290  ,9
C1ROZM01 2024 12    31  13:10 291 1,7
C1ROZM01 2024 12    31  13:20 275 3,3
C1ROZM01 2024 12    31  13:30 266 3,7
C1ROZM01 2024 12    31  13:40 277   3
C1STRA01 2024 12    31  13:00 332  ,3
C1STRA01 2024 12    31  13:10 316  ,3
C1STRA01 2024 12    31  13:20   0   0
C1STRA01 2024 12    31  13:30   0   0
C1STRA01 2024 12    31  13:40   0   0
C1TEME01 2024 12    31  13:00  56 1,7
C1TEME01 2024 12    31  13:10  54 1,8
C1TEME01 2024 12    31  13:20  45 2,5
C1TEME01 2024 12    31  13:30  41   2
C1TEME01 2024 12    31  13:40  41 2,4
C1VLKO01 2024 12    31  13:00 126  ,7
C1VLKO01 2024 12    31  13:10 138  ,7
C1VLKO01 2024 12    31  13:20 129  ,3
C1VLKO01 2024 12    31  13:30  90  ,1
C1VLKO01 2024 12    31  13:40 129  ,3
C1VOLR01 2024 12    31  13:00 250 2,9
C1VOLR01 2024 12    31  13:10 257 4,9
C1VOLR01 2024 12    31  13:20 251 5,5
C1VOLR01 2024 12    31  13:30 252 5,4
C1VOLR01 2024 12    31  13:40 258 4,6
C1VRAZ01 2024 12    31  13:00  45  ,4
C1VRAZ01 2024 12    31  13:10  62  ,4
C1VRAZ01 2024 12    31  13:20  68  ,3
C1VRAZ01 2024 12    31  13:30   0   0
C1VRAZ01 2024 12    31  13:40  19  ,1
C2BORK01 2024 12    31  13:00 280  ,9
C2BORK01 2024 12    31  13:10 275  ,3
C2BORK01 2024 12    31  13:20 315  ,4
C2BORK01 2024 12    31  13:30 312  ,4
C2BORK01 2024 12    31  13:40 295  ,7
C2BYNO01 2024 12    31  13:00   0   0
C2BYNO01 2024 12    31  13:10  21  ,5
C2BYNO01 2024 12    31  13:20  14  ,1
C2BYNO01 2024 12    31  13:30  14  ,5
C2BYNO01 2024 12    31  13:40 353  ,8
C2CBUD01 2024 12    31  13:00 353   1
C2CBUD01 2024 12    31  13:10 330   1
C2CBUD01 2024 12    31  13:20 319 1,2
C2CBUD01 2024 12    31  13:30 323 1,3
C2CBUD01 2024 12    31  13:40 329 1,3
C2CERN01 2024 12    31  13:00 207 1,5
C2CERN01 2024 12    31  13:10 201 1,6
C2CERN01 2024 12    31  13:20 206 1,8
C2CERN01 2024 12    31  13:30 197   2
C2CERN01 2024 12    31  13:40 186 2,1
C2CKRU01 2024 12    31  13:00 234 3,2
C2CKRU01 2024 12    31  13:10 237   3
C2CKRU01 2024 12    31  13:20 227   3
C2CKRU01 2024 12    31  13:30 220 2,4
C2CKRU01 2024 12    31  13:40 214 2,3
C2HLAS01 2024 12    31  13:00 219 2,3
C2HLAS01 2024 12    31  13:10 214 1,9
C2HLAS01 2024 12    31  13:20 212   2
C2HLAS01 2024 12    31  13:30 202 1,7
C2JHRA01 2024 12    31  13:00   0   0
C2JHRA01 2024 12    31  13:10   0   0
C2JHRA01 2024 12    31  13:20   0   0
C2JHRA01 2024 12    31  13:30   0   0
C2JHRA01 2024 12    31  13:40   0   0
C2NADV01 2024 12    31  13:00 116 1,6
C2NADV01 2024 12    31  13:10 120 1,7
C2NADV01 2024 12    31  13:20 117 1,4
C2NADV01 2024 12    31  13:30 116 1,5
C2NADV01 2024 12    31  13:40 113 1,4
C2POCA01 2024 12    31  13:00 307  ,5
C2POCA01 2024 12    31  13:10   0   0
C2POCA01 2024 12    31  13:20 322  ,4
C2POCA01 2024 12    31  13:30 341  ,3
C2POCA01 2024 12    31  13:40 337  ,4
C2TABO01 2024 12    31  13:00 328  ,7
C2TABO01 2024 12    31  13:10   0   0
C2TABO01 2024 12    31  13:20 352  ,1
C2TABO01 2024 12    31  13:30 158  ,3
C2TABO01 2024 12    31  13:40 151  ,3
C2TREB01 2024 12    31  13:00  23  ,1
C2TREB01 2024 12    31  13:10  98  ,3
C2TREB01 2024 12    31  13:20   0   0
C2TREB01 2024 12    31  13:30 328  ,5
C2TREB01 2024 12    31  13:40 290 1,3
C2VBRO01 2024 12    31  13:00   0   0
C2VBRO01 2024 12    31  13:10  16  ,1
C2VBRO01 2024 12    31  13:20  42  ,3
C2VBRO01 2024 12    31  13:30 100  ,8
C2VBRO01 2024 12    31  13:40  82  ,8
H1CSKL01 2024 12    31  13:00  64  ,1
H1CSKL01 2024 12    31  13:10   0   0
H1CSKL01 2024 12    31  13:20 210  ,4
H1CSKL01 2024 12    31  13:30 222  ,5
H1CSKL01 2024 12    31  13:40 159  ,4
H1LBOU01 2024 12    31  13:00 257 1,8
H1LBOU01 2024 12    31  13:10 239 1,7
H1LBOU01 2024 12    31  13:20 206 1,6
H1LBOU01 2024 12    31  13:30 182 1,2
H1LBOU01 2024 12    31  13:40 195 1,9
H1LUCB01 2024 12    31  13:00 238 8,4
H1LUCB01 2024 12    31  13:10 237 8,1
H1LUCB01 2024 12    31  13:20 238 8,3
H1LUCB01 2024 12    31  13:30 238 8,4
H1LUCB01 2024 12    31  13:40 241 7,4
H1PECS01 2024 12    31  13:00  13  ,7
H1PECS01 2024 12    31  13:10 359  ,6
H1PECS01 2024 12    31  13:20 233  ,7
H1PECS01 2024 12    31  13:30  49  ,6
H1PECS01 2024 12    31  13:40   2  ,5
H1TEPZ01 2024 12    31  13:00 139 1,5
H1TEPZ01 2024 12    31  13:10 193   1
H1TEPZ01 2024 12    31  13:20 193 1,2
H1TEPZ01 2024 12    31  13:30 232 2,1
H1TEPZ01 2024 12    31  13:40 229 3,1
H1UPIC01 2024 12    31  13:00 158  ,5
H1UPIC01 2024 12    31  13:10 138  ,8
H1UPIC01 2024 12    31  13:20 153  ,5
H1UPIC01 2024 12    31  13:30 169  ,7
H1UPIC01 2024 12    31  13:40 162  ,5
H1VELI01 2024 12    31  13:00  77  ,4
H1VELI01 2024 12    31  13:10 101  ,5
H1VELI01 2024 12    31  13:20  60  ,1
H1VELI01 2024 12    31  13:30   0   0
H1VELI01 2024 12    31  13:40  54  ,3
H1VRCH01 2024 12    31  13:00  23  ,2
H1VRCH01 2024 12    31  13:10 304  ,5
H1VRCH01 2024 12    31  13:20   5  ,9
H1VRCH01 2024 12    31  13:30 356  ,8
H1ZACL01 2024 12    31  13:00 161 2,8
H1ZACL01 2024 12    31  13:10 157 2,7
H1ZACL01 2024 12    31  13:20 158 2,5
H1ZACL01 2024 12    31  13:30 151 2,5
H1ZACL01 2024 12    31  13:40 153 2,3
H2BORH01 2024 12    31  13:00 297  ,8
H2BORH01 2024 12    31  13:10 249  ,5
H2BORH01 2024 12    31  13:20 345  ,1
H2BORH01 2024 12    31  13:30   8  ,1
H2BORH01 2024 12    31  13:40   4  ,1
H2DEST01 2024 12    31  13:00 159   2
H2DEST01 2024 12    31  13:10 172 1,8
H2DEST01 2024 12    31  13:20 171 1,7
H2DEST01 2024 12    31  13:30 172 1,5
H2DEST01 2024 12    31  13:40 183 1,8
H2KRAL01 2024 12    31  13:00 132 2,6
H2KRAL01 2024 12    31  13:10 138   3
H2KRAL01 2024 12    31  13:20 133 2,8
H2KRAL01 2024 12    31  13:30 118 2,7
H2KRAL01 2024 12    31  13:40 126 3,1
H2POLO01 2024 12    31  13:00 183 3,9
H2POLO01 2024 12    31  13:10 184 3,9
H2POLO01 2024 12    31  13:20 186 3,7
H2POLO01 2024 12    31  13:30 186 3,9
H2POLO01 2024 12    31  13:40 185 3,9
H2RYCH01 2024 12    31  13:00 147 1,1
H2RYCH01 2024 12    31  13:10 154  ,7
H2RYCH01 2024 12    31  13:20 128  ,8
H2RYCH01 2024 12    31  13:30 146 1,2
H2RYCH01 2024 12    31  13:40 164 1,6
H2USTI01 2024 12    31  13:00 114 2,4
H2USTI01 2024 12    31  13:10 116 2,5
H2USTI01 2024 12    31  13:20 114 2,4
H2USTI01 2024 12    31  13:30 115 2,6
H2USTI01 2024 12    31  13:40 118 2,8
H2ZAMB01 2024 12    31  13:00 125   1
H2ZAMB01 2024 12    31  13:10 126 1,3
H2ZAMB01 2024 12    31  13:20 115 1,9
H2ZAMB01 2024 12    31  13:30 126   1
H2ZAMB01 2024 12    31  13:40 125  ,4
H3BROU01 2024 12    31  13:00 267 2,4
H3BROU01 2024 12    31  13:10 307 2,7
H3BROU01 2024 12    31  13:20 313 3,1
H3BROU01 2024 12    31  13:30 282 3,3
H3CHTU01 2024 12    31  13:00  22  ,8
H3CHTU01 2024 12    31  13:10 339  ,8
H3CHTU01 2024 12    31  13:20 310  ,7
H3CHTU01 2024 12    31  13:30 309  ,6
H3CHTU01 2024 12    31  13:40 264  ,4
H3GAJE01 2024 12    31  13:00 122 1,4
H3GAJE01 2024 12    31  13:10 118 1,5
H3GAJE01 2024 12    31  13:20 122 1,4
H3GAJE01 2024 12    31  13:30 121 1,4
H3GAJE01 2024 12    31  13:40 121 1,4
H3HOLO01 2024 12    31  13:00 153   1
H3HOLO01 2024 12    31  13:10 165  ,9
H3HOLO01 2024 12    31  13:20 164  ,9
H3HOLO01 2024 12    31  13:30 162  ,8
H3HOLO01 2024 12    31  13:40 165  ,8
H3HRAD01 2024 12    31  13:00   0   0
H3HRAD01 2024 12    31  13:10 356  ,1
H3HRAD01 2024 12    31  13:20 356  ,1
H3HRAD01 2024 12    31  13:30  11  ,1
H3HRAD01 2024 12    31  13:40   3  ,3
H3HRUS01 2024 12    31  13:00  36  ,6
H3HRUS01 2024 12    31  13:10  24  ,7
H3HRUS01 2024 12    31  13:20  42  ,9
H3HRUS01 2024 12    31  13:30  52  ,8
H3JICI01 2024 12    31  13:00  33  ,3
H3JICI01 2024 12    31  13:10 161  ,4
H3JICI01 2024 12    31  13:20   0   0
H3JICI01 2024 12    31  13:30 112  ,3
H3JICI01 2024 12    31  13:40 125  ,3
H3LBEL01 2024 12    31  13:00 142  ,3
H3LBEL01 2024 12    31  13:10   3  ,1
H3LBEL01 2024 12    31  13:20   0   0
H3LBEL01 2024 12    31  13:30   0   0
H3LBEL01 2024 12    31  13:40 155  ,5
H3LIBC01 2024 12    31  13:00 158 1,1
H3LIBC01 2024 12    31  13:10 168  ,4
H3LIBC01 2024 12    31  13:20 204  ,5
H3LIBC01 2024 12    31  13:30 255  ,8
H3LIBC01 2024 12    31  13:40 260  ,7
H3NBYD01 2024 12    31  13:00 158  ,7
H3NBYD01 2024 12    31  13:10  34  ,1
H3NBYD01 2024 12    31  13:20  81  ,7
H3NBYD01 2024 12    31  13:30   0   0
H3PARD01 2024 12    31  13:00 171  ,7
H3PARD01 2024 12    31  13:10 127   1
H3PARD01 2024 12    31  13:20 122 1,6
H3PARD01 2024 12    31  13:30 135 1,5
H3PARD01 2024 12    31  13:40 133 1,2
H3PODE01 2024 12    31  13:00  62  ,4
H3PODE01 2024 12    31  13:10  56  ,4
H3PODE01 2024 12    31  13:20 105  ,7
H3PODE01 2024 12    31  13:30  67  ,3
H3PODE01 2024 12    31  13:40  57  ,8
H3RADO01 2024 12    31  13:00 104  ,5
H3RADO01 2024 12    31  13:10  53  ,4
H3RADO01 2024 12    31  13:20  33  ,4
H3RADO01 2024 12    31  13:30  45  ,9
H3RADO01 2024 12    31  13:40  44  ,7
H3SECA01 2024 12    31  13:00 163   1
H3SECA01 2024 12    31  13:10 176 1,6
H3SECA01 2024 12    31  13:20 179  ,8
H3SECA01 2024 12    31  13:30 182 1,3
H3SECA01 2024 12    31  13:40 175   2
H3SKUT01 2024 12    31  13:00  26 1,2
H3SKUT01 2024 12    31  13:10  24 1,1
H3SKUT01 2024 12    31  13:20  10 1,1
H3SKUT01 2024 12    31  13:30 349  ,9
H3SKUT01 2024 12    31  13:40   3  ,5
H3SVOD01 2024 12    31  13:00  58  ,6
H3SVOD01 2024 12    31  13:10 357  ,7
H3SVOD01 2024 12    31  13:20  19  ,9
H3SVOD01 2024 12    31  13:30  98  ,6
H3SVOD01 2024 12    31  13:40  55  ,7
H3SVRA01 2024 12    31  13:00 267   4
H3SVRA01 2024 12    31  13:10 270 3,7
H3SVRA01 2024 12    31  13:20 273 3,8
H3SVRA01 2024 12    31  13:30 255 3,1
H3SVRA01 2024 12    31  13:40 206 2,3
H3ZBYS01 2024 12    31  13:00 352  ,4
H3ZBYS01 2024 12    31  13:10   0   0
H3ZBYS01 2024 12    31  13:20   0   0
H3ZBYS01 2024 12    31  13:30   0   0
H3ZBYS01 2024 12    31  13:40   0   0
L1DOMA01 2024 12    31  13:00 312   1
L1DOMA01 2024 12    31  13:10 319   1
L1DOMA01 2024 12    31  13:20 329  ,9
L1DOMA01 2024 12    31  13:30 317 1,1
L1DOMA01 2024 12    31  13:40 319   1
L1HOJS01 2024 12    31  13:00 135  ,9
L1HOJS01 2024 12    31  13:10 128   1
L1HOJS01 2024 12    31  13:20 122   1
L1HOJS01 2024 12    31  13:30 138 2,3
L1HOJS01 2024 12    31  13:40 144 2,6
L1KLAT01 2024 12    31  13:00  63  ,3
L1KLAT01 2024 12    31  13:10 214  ,9
L1KLAT01 2024 12    31  13:20 257  ,8
L1KLAT01 2024 12    31  13:30 198  ,5
L1KLAT01 2024 12    31  13:40  20  ,1
L1NEPO01 2024 12    31  13:00 299  ,6
L1NEPO01 2024 12    31  13:10 231  ,9
L1NEPO01 2024 12    31  13:20 189  ,7
L1NEPO01 2024 12    31  13:30 177  ,9
L1NEPO01 2024 12    31  13:40 236  ,7
L1PLMI01 2024 12    31  13:00 216 3,5
L1PLMI01 2024 12    31  13:10 207 3,5
L1PLMI01 2024 12    31  13:20 216 3,3
L1PLMI01 2024 12    31  13:30 223 4,2
L1PLMI01 2024 12    31  13:40 217 4,1
L1STAN01 2024 12    31  13:00 264   1
L1STAN01 2024 12    31  13:10 274 1,4
L1STAN01 2024 12    31  13:20 268   1
L1STAN01 2024 12    31  13:30 240  ,9
L1STAN01 2024 12    31  13:40 290  ,4
L2DYLE01 2024 12    31  13:00 235 6,8
L2DYLE01 2024 12    31  13:10 236 6,9
L2DYLE01 2024 12    31  13:20 236 6,5
L2DYLE01 2024 12    31  13:30 233 6,8
L2DYLE01 2024 12    31  13:40 232 6,6
L2HERM01 2024 12    31  13:00  81 1,4
L2HERM01 2024 12    31  13:10 112 1,2
L2HERM01 2024 12    31  13:20  81   1
L2HERM01 2024 12    31  13:30  67  ,9
L2HERM01 2024 12    31  13:40  78  ,4
L2KONL01 2024 12    31  13:00 231 1,9
L2KONL01 2024 12    31  13:10 228 1,1
L2KONL01 2024 12    31  13:20 234 1,9
L2KONL01 2024 12    31  13:30 227   2
L2KONL01 2024 12    31  13:40 228 1,6
L2KRAL01 2024 12    31  13:00 207 2,6
L2KRAL01 2024 12    31  13:10 204 2,7
L2KRAL01 2024 12    31  13:20 202 3,2
L2KRAL01 2024 12    31  13:30 205   3
L2KRAL01 2024 12    31  13:40 205 3,1
L2KRAU01 2024 12    31  13:00 337  ,8
L2KRAU01 2024 12    31  13:10 326  ,8
L2KRAU01 2024 12    31  13:20 315  ,6
L2KRAU01 2024 12    31  13:30 270  ,7
L2KRAU01 2024 12    31  13:40 244  ,7
L2MLAV01 2024 12    31  13:00 212   1
L2MLAV01 2024 12    31  13:10 213  ,5
L2MLAV01 2024 12    31  13:20 209  ,4
L2MLAV01 2024 12    31  13:30 206  ,4
L2MLAV01 2024 12    31  13:40 234  ,9
L2PRIM01 2024 12    31  13:00 270 4,7
L2PRIM01 2024 12    31  13:10 270 4,8
L2PRIM01 2024 12    31  13:20 273 4,3
L2PRIM01 2024 12    31  13:30 271 4,6
L2PRIM01 2024 12    31  13:40 274 4,6
L2STRI01 2024 12    31  13:00 254 2,4
L2STRI01 2024 12    31  13:10 249 2,5
L2STRI01 2024 12    31  13:20 247 3,1
L2STRI01 2024 12    31  13:30 246   3
L2STRI01 2024 12    31  13:40 248 3,1
L2ZBIR01 2024 12    31  13:00 223 2,9
L2ZBIR01 2024 12    31  13:10 217 2,6
L2ZBIR01 2024 12    31  13:20 222 3,1
L2ZBIR01 2024 12    31  13:30 229 3,4
L2ZBIR01 2024 12    31  13:40 229   3
L3AS0001 2024 12    31  13:00 180   1
L3AS0001 2024 12    31  13:10 183   1
L3AS0001 2024 12    31  13:20 178 1,3
L3AS0001 2024 12    31  13:30 176  ,8
L3AS0001 2024 12    31  13:40 173  ,9
L3CHEB01 2024 12    31  13:00 181 3,2
L3CHEB01 2024 12    31  13:10 182 3,1
L3CHEB01 2024 12    31  13:20 190 3,2
L3CHEB01 2024 12    31  13:30 199 2,7
L3CHEB01 2024 12    31  13:40 210 2,8
L3KLIN01 2024 12    31  13:00 225 4,6
L3KLIN01 2024 12    31  13:10 231 4,6
L3KLIN01 2024 12    31  13:20 233 4,4
L3KLIN01 2024 12    31  13:30 233 4,5
L3KLIN01 2024 12    31  13:40 240 4,5
L3KVAL01 2024 12    31  13:00 299 1,6
L3KVAL01 2024 12    31  13:10 289 1,3
L3KVAL01 2024 12    31  13:20 288 1,1
L3KVAL01 2024 12    31  13:30 288 1,1
L3KVAL01 2024 12    31  13:40 292   1
L3SIND01 2024 12    31  13:00 167 1,1
L3SIND01 2024 12    31  13:10 175 1,4
L3SIND01 2024 12    31  13:20 125  ,4
L3SIND01 2024 12    31  13:30 150 1,1
L3SIND01 2024 12    31  13:40 161   1
O1BELO01 2024 12    31  13:00 247 2,1
O1BELO01 2024 12    31  13:10 247 1,8
O1BELO01 2024 12    31  13:20 252 2,5
O1BELO01 2024 12    31  13:30 256 2,4
O1BELO01 2024 12    31  13:40 254 2,6
O1BILA01 2024 12    31  13:00 274 1,6
O1BILA01 2024 12    31  13:10 266  ,9
O1BILA01 2024 12    31  13:20 281 2,1
O1BILA01 2024 12    31  13:30 269 1,7
O1BILA01 2024 12    31  13:40 274 1,2
O1BOHU01 2024 12    31  13:00 196 2,8
O1BOHU01 2024 12    31  13:10 198 2,6
O1BOHU01 2024 12    31  13:20 190 2,4
O1BOHU01 2024 12    31  13:30 202 2,5
O1BOHU01 2024 12    31  13:40 219 2,5
O1CERV01 2024 12    31  13:00 236 7,5
O1CERV01 2024 12    31  13:10 236 7,9
O1CERV01 2024 12    31  13:20 238 7,6
O1CERV01 2024 12    31  13:30 238   8
O1CERV01 2024 12    31  13:40 238 7,8
O1FMSV01 2024 12    31  13:00 258 2,3
O1FMSV01 2024 12    31  13:10 257 2,2
O1FMSV01 2024 12    31  13:20 284 1,5
O1FMSV01 2024 12    31  13:30 285 1,4
O1FMSV01 2024 12    31  13:40 272 1,9
O1FREN01 2024 12    31  13:00 221 3,6
O1FREN01 2024 12    31  13:10 219 3,1
O1FREN01 2024 12    31  13:20 218 2,2
O1FREN01 2024 12    31  13:30 215 1,8
O1FREN01 2024 12    31  13:40 217 1,9
O1JABL01 2024 12    31  13:00 139 4,6
O1JABL01 2024 12    31  13:10 137   4
O1JABL01 2024 12    31  13:20 137 4,2
O1JABL01 2024 12    31  13:30 136 4,1
O1JABL01 2024 12    31  13:40 140 4,4
O1JAVO01 2024 12    31  13:00 267 1,3
O1JAVO01 2024 12    31  13:10 326  ,5
O1JAVO01 2024 12    31  13:20 307  ,8
O1JAVO01 2024 12    31  13:30  26 1,1
O1JAVO01 2024 12    31  13:40  23  ,9
O1JAVR01 2024 12    31  13:00 258 3,1
O1JAVR01 2024 12    31  13:10 254 3,7
O1JAVR01 2024 12    31  13:20 236 3,5
O1JAVR01 2024 12    31  13:30 241   3
O1JAVR01 2024 12    31  13:40 237 2,6
O1JESE01 2024 12    31  13:00 282 3,7
O1JESE01 2024 12    31  13:10 276 3,1
O1JESE01 2024 12    31  13:20 285 2,8
O1JESE01 2024 12    31  13:30 282 2,5
O1JESE01 2024 12    31  13:40 296 1,8
O1KARV01 2024 12    31  13:00 261   3
O1KARV01 2024 12    31  13:10 266 3,2
O1KARV01 2024 12    31  13:20 284 3,4
O1KARV01 2024 12    31  13:30 283 3,5
O1KARV01 2024 12    31  13:40 284 3,7
O1KRNO01 2024 12    31  13:00 239 8,2
O1KRNO01 2024 12    31  13:10 238 7,4
O1KRNO01 2024 12    31  13:20 239   7
O1KRNO01 2024 12    31  13:30 240 7,7
O1KRNO01 2024 12    31  13:40 238   9
O1LUCI01 2024 12    31  13:00 242 2,3
O1LUCI01 2024 12    31  13:10 235 2,8
O1LUCI01 2024 12    31  13:20 229 2,3
O1LUCI01 2024 12    31  13:30 243 2,2
O1LUCI01 2024 12    31  13:40 246 1,9
O1LYSA01 2024 12    31  13:00 240 4,6
O1LYSA01 2024 12    31  13:10 233 5,1
O1LYSA01 2024 12    31  13:20 232 4,8
O1LYSA01 2024 12    31  13:30 232 4,7
O1LYSA01 2024 12    31  13:40 232 5,2
O1MOSN01 2024 12    31  13:00 241 6,4
O1MOSN01 2024 12    31  13:10 236 7,2
O1MOSN01 2024 12    31  13:20 237   9
O1MOSN01 2024 12    31  13:30 237 8,3
O1MOSN01 2024 12    31  13:40 233 8,3
O1NHER01 2024 12    31  13:00 258 3,2
O1NHER01 2024 12    31  13:10 251 2,3
O1NHER01 2024 12    31  13:20 249 2,4
O1NHER01 2024 12    31  13:30 243 2,1
O1NHER01 2024 12    31  13:40 246 2,4
O1OPAV01 2024 12    31  13:00 207 8,3
O1OPAV01 2024 12    31  13:10 207 8,5
O1OPAV01 2024 12    31  13:20 212 7,6
O1OPAV01 2024 12    31  13:30 214 7,7
O1OPAV01 2024 12    31  13:40 219 7,9
O1OSOB01 2024 12    31  13:00  96  ,4
O1OSOB01 2024 12    31  13:10  55  ,5
O1OSOB01 2024 12    31  13:20  46  ,7
O1OSOB01 2024 12    31  13:30  54  ,9
O1OSOB01 2024 12    31  13:40  40 1,1
O1PORU01 2024 12    31  13:00 215 3,5
O1PORU01 2024 12    31  13:10 212 3,9
O1PORU01 2024 12    31  13:20 218 4,4
O1PORU01 2024 12    31  13:30 222 5,2
O1PORU01 2024 12    31  13:40 221 5,3
O1RYMA01 2024 12    31  13:00 295 4,3
O1RYMA01 2024 12    31  13:10 298 3,9
O1RYMA01 2024 12    31  13:20 292 4,3
O1RYMA01 2024 12    31  13:30 300 3,7
O1RYMA01 2024 12    31  13:40 295 4,1
O1SERA01 2024 12    31  13:00 240 9,3
O1SERA01 2024 12    31  13:10 242 8,8
O1SERA01 2024 12    31  13:20 242 8,7
O1SERA01 2024 12    31  13:30 243 9,3
O1SERA01 2024 12    31  13:40 241 8,8
O1SVET01 2024 12    31  13:00 187 1,7
O1SVET01 2024 12    31  13:10 182 1,4
O1SVET01 2024 12    31  13:20 181 2,2
O1SVET01 2024 12    31  13:30 173 2,2
O1SVET01 2024 12    31  13:40 164 2,2
O1VITK01 2024 12    31  13:00 226 1,3
O1VITK01 2024 12    31  13:10 253 2,1
O1VITK01 2024 12    31  13:20 247 1,4
O1VITK01 2024 12    31  13:30 260   2
O1VITK01 2024 12    31  13:40 248 1,8
O2JEVI01 2024 12    31  13:00  94  ,4
O2JEVI01 2024 12    31  13:10  26  ,1
O2JEVI01 2024 12    31  13:20   2  ,1
O2JEVI01 2024 12    31  13:30  47  ,4
O2JEVI01 2024 12    31  13:40   0   0
O2LUKA01 2024 12    31  13:00  71  ,8
O2LUKA01 2024 12    31  13:10  72  ,9
O2LUKA01 2024 12    31  13:20  29  ,8
O2LUKA01 2024 12    31  13:30 349  ,6
O2LUKA01 2024 12    31  13:40 293  ,5
O2OLOM01 2024 12    31  13:00 149 1,8
O2OLOM01 2024 12    31  13:10 143 1,8
O2OLOM01 2024 12    31  13:20 144   2
O2OLOM01 2024 12    31  13:30 145 1,9
O2OLOM01 2024 12    31  13:40 158   2
O2SLAM01 2024 12    31  13:00 262 2,4
O2SLAM01 2024 12    31  13:10 285 2,1
O2SLAM01 2024 12    31  13:20 267 2,7
O2SLAM01 2024 12    31  13:30 272 2,1
O2SLAM01 2024 12    31  13:40 273 2,3
O2STEK01 2024 12    31  13:00 218 1,9
O2STEK01 2024 12    31  13:10 199 2,3
O2STEK01 2024 12    31  13:20 170   2
O2STEK01 2024 12    31  13:30 174 2,4
O2STEK01 2024 12    31  13:40 206 2,5
O2SUMP01 2024 12    31  13:00 355  ,1
O2SUMP01 2024 12    31  13:10   0   0
O2SUMP01 2024 12    31  13:20   0   0
O2SUMP01 2024 12    31  13:30 293  ,5
O2SUMP01 2024 12    31  13:40 231   1
O2TREB01 2024 12    31  13:00   0   0
O2TREB01 2024 12    31  13:10   0   0
O2TREB01 2024 12    31  13:20   0   0
O2TREB01 2024 12    31  13:30   0   0
O2TREB01 2024 12    31  13:40   0   0
O3BECV01 2024 12    31  13:00 246 2,5
O3BECV01 2024 12    31  13:10 236 2,1
O3BECV01 2024 12    31  13:20 243 1,6
O3BECV01 2024 12    31  13:30 219 1,2
O3BECV01 2024 12    31  13:40  63  ,9
O3KATE01 2024 12    31  13:00 201   5
O3KATE01 2024 12    31  13:10 201 4,2
O3KATE01 2024 12    31  13:20 200 4,3
O3KATE01 2024 12    31  13:30 202 3,9
O3KATE01 2024 12    31  13:40 195 3,6
O3MARU01 2024 12    31  13:00 193 4,5
O3MARU01 2024 12    31  13:10 197 3,9
O3MARU01 2024 12    31  13:20 195 4,1
O3MARU01 2024 12    31  13:30 186 4,8
O3MARU01 2024 12    31  13:40 186 5,2
O3PRER01 2024 12    31  13:00 184 1,5
O3PRER01 2024 12    31  13:10 233  ,8
O3PRER01 2024 12    31  13:20 300  ,5
O3PRER01 2024 12    31  13:30 240  ,8
O3PRER01 2024 12    31  13:40 228 1,2
O3VALM01 2024 12    31  13:00 262  ,9
O3VALM01 2024 12    31  13:10 309  ,7
O3VALM01 2024 12    31  13:20  17  ,8
O3VALM01 2024 12    31  13:30  19  ,9
O3VALM01 2024 12    31  13:40   8  ,9
O3VASE01 2024 12    31  13:00 182 1,4
O3VASE01 2024 12    31  13:10 186 1,2
O3VASE01 2024 12    31  13:20 215  ,8
O3VASE01 2024 12    31  13:30 244  ,6
O3VASE01 2024 12    31  13:40 207  ,8
O3VSET01 2024 12    31  13:00 175 1,4
O3VSET01 2024 12    31  13:10 165 1,7
O3VSET01 2024 12    31  13:20 168 1,6
O3VSET01 2024 12    31  13:30 177 1,4
O3VSET01 2024 12    31  13:40 185 1,5
O6CADC01 2024 12    31  13:00 150   2
O6DOHR01 2024 12    31  13:00 290 1,3
O6ORLE01 2024 12    31  13:00 260 3,5
O6ORPO01 2024 12    31  13:00 230  ,9
O6ORVE01 2024 12    31  13:00 240 2,2
O6RABA01 2024 12    31  13:00 220 2,3
O6TURZ02 2024 12    31  13:00 220   1
O6ZILI01 2024 12    31  13:00 220  ,3
P1DOBE01 2024 12    31  13:00  96  ,9
P1DOBE01 2024 12    31  13:10 113 1,3
P1DOBE01 2024 12    31  13:20 109 1,1
P1DOBE01 2024 12    31  13:30  80   1
P1DOBE01 2024 12    31  13:40  97  ,6
P1KRAL01 2024 12    31  13:00  67  ,4
P1KRAL01 2024 12    31  13:10  30  ,3
P1KRAL01 2024 12    31  13:20  44  ,7
P1KRAL01 2024 12    31  13:30  52  ,7
P1KRAL01 2024 12    31  13:40  35  ,5
P1LANY01 2024 12    31  13:00 245 1,9
P1LANY01 2024 12    31  13:10 240 1,8
P1LANY01 2024 12    31  13:20 244 1,5
P1LANY01 2024 12    31  13:30 247 1,3
P1LANY01 2024 12    31  13:40 251 1,9
P1NEUM01 2024 12    31  13:00 185   1
P1NEUM01 2024 12    31  13:10 240  ,3
P1NEUM01 2024 12    31  13:20 263 1,6
P1NEUM01 2024 12    31  13:30 238 1,4
P1NEUM01 2024 12    31  13:40 274 1,2
P1PKAR01 2024 12    31  13:00 223 1,2
P1PKAR01 2024 12    31  13:10 189  ,8
P1PKAR01 2024 12    31  13:20 213  ,7
P1PKAR01 2024 12    31  13:30 126  ,9
P1PKAR01 2024 12    31  13:40 171 1,2
P1PKBE01 2024 12    31  13:00 123  ,6
P1PKBE01 2024 12    31  13:10  72  ,3
P1PKBE01 2024 12    31  13:20  49 1,3
P1PKBE01 2024 12    31  13:30  81 1,1
P1PKBE01 2024 12    31  13:40  77 1,7
P1PKLE01 2024 12    31  13:00 241 1,1
P1PKLE01 2024 12    31  13:10 216 1,6
P1PKLE01 2024 12    31  13:20 211  ,8
P1PKLE01 2024 12    31  13:30 256  ,7
P1PKLE01 2024 12    31  13:40 317  ,4
P1PLIB01 2024 12    31  13:00 179  ,8
P1PLIB01 2024 12    31  13:10 151 1,2
P1PLIB01 2024 12    31  13:20 164 1,1
P1PLIB01 2024 12    31  13:30 158 1,1
P1PLIB01 2024 12    31  13:40 155   1
P1PRIB01 2024 12    31  13:00 103 1,2
P1PRIB01 2024 12    31  13:10 151  ,9
P1PRIB01 2024 12    31  13:20 140 1,2
P1PRIB01 2024 12    31  13:30 179 1,7
P1PRIB01 2024 12    31  13:40 191 2,1
P1PRUH01 2024 12    31  13:00  63 1,1
P1PRUH01 2024 12    31  13:10  20  ,4
P1PRUH01 2024 12    31  13:20  32  ,4
P1PRUH01 2024 12    31  13:30  68  ,6
P1PRUH01 2024 12    31  13:40  50  ,6
P1PRUZ01 2024 12    31  13:00 257  ,6
P1PRUZ01 2024 12    31  13:10 262  ,6
P1PRUZ01 2024 12    31  13:20 152  ,6
P1PRUZ01 2024 12    31  13:30 127  ,8
P1PRUZ01 2024 12    31  13:40 184  ,7
P1PVIN01 2024 12    31  13:00 150 1,2
P1PVIN01 2024 12    31  13:10 174 1,4
P1PVIN01 2024 12    31  13:20 165   1
P1PVIN01 2024 12    31  13:30 138 1,2
P1PVIN01 2024 12    31  13:40 156 1,3
P2BRAN01 2024 12    31  13:00 112 1,2
P2BRAN01 2024 12    31  13:10 139 1,5
P2BRAN01 2024 12    31  13:20 186 1,3
P2BRAN01 2024 12    31  13:30 156 1,3
P2BRAN01 2024 12    31  13:40 122 1,4
P2CDUB01 2024 12    31  13:00 152 1,8
P2CDUB01 2024 12    31  13:10 133   2
P2CDUB01 2024 12    31  13:20 131 1,7
P2CDUB01 2024 12    31  13:30 138 1,7
P2CDUB01 2024 12    31  13:40 137 1,7
P2DESN01 2024 12    31  13:00 180 1,7
P2DESN01 2024 12    31  13:10 173 1,4
P2DESN01 2024 12    31  13:20 175 1,9
P2DESN01 2024 12    31  13:30 183 1,4
P2HARR01 2024 12    31  13:00 231  ,9
P2HARR01 2024 12    31  13:10 228  ,5
P2HARR01 2024 12    31  13:20 233  ,7
P2HARR01 2024 12    31  13:30 195 1,2
P2HARR01 2024 12    31  13:40 222   1
P2HOLE01 2024 12    31  13:00 183 1,9
P2HOLE01 2024 12    31  13:10 162 1,9
P2HOLE01 2024 12    31  13:20 190 2,1
P2KATU01 2024 12    31  13:00 130   1
P2KATU01 2024 12    31  13:10 144   1
P2KATU01 2024 12    31  13:20 134  ,8
P2KATU01 2024 12    31  13:30 128  ,9
P2KATU01 2024 12    31  13:40 122 1,2
P2KORE01 2024 12    31  13:00 165 1,8
P2KORE01 2024 12    31  13:10 154  ,6
P2KORE01 2024 12    31  13:20 156 1,2
P2KORE01 2024 12    31  13:30 151 1,4
P2KORE01 2024 12    31  13:40 155  ,9
P2MRZK01 2024 12    31  13:00   9  ,6
P2MRZK01 2024 12    31  13:10  54  ,6
P2MRZK01 2024 12    31  13:20  43  ,9
P2MRZK01 2024 12    31  13:30  65  ,8
P2MRZK01 2024 12    31  13:40  58   1
P2SEMC01 2024 12    31  13:00 138  ,8
P2SEMC01 2024 12    31  13:10 147 1,1
P2SEMC01 2024 12    31  13:20 145  ,8
P2SEMC01 2024 12    31  13:30 173 1,2
P2SEMC01 2024 12    31  13:40 178  ,8
P2TUHA01 2024 12    31  13:00 133 2,2
P2TUHA01 2024 12    31  13:10 123 2,1
P2TUHA01 2024 12    31  13:20 113 1,8
P2TUHA01 2024 12    31  13:30 114 1,6
P2TUHA01 2024 12    31  13:40 112 1,9
P2TURN01 2024 12    31  13:00  34  ,4
P2TURN01 2024 12    31  13:10 103  ,5
P2TURN01 2024 12    31  13:20  55  ,3
P2TURN01 2024 12    31  13:30   0   0
P2TURN01 2024 12    31  13:40 156  ,5
P3HAVL01 2024 12    31  13:00 109 1,8
P3HULI01 2024 12    31  13:00   0   0
P3HULI01 2024 12    31  13:10 230  ,3
P3HULI01 2024 12    31  13:20 276  ,5
P3HULI01 2024 12    31  13:30 267   1
P3HULI01 2024 12    31  13:40 245  ,8
P3KOSE01 2024 12    31  13:00  30 1,2
P3KOSE01 2024 12    31  13:10  43 1,5
P3KOSE01 2024 12    31  13:20  53 1,7
P3KOSE01 2024 12    31  13:30  56 1,4
P3KOSE01 2024 12    31  13:40  76 1,1
P3NETV01 2024 12    31  13:00  81 1,1
P3NETV01 2024 12    31  13:10  85 1,3
P3NETV01 2024 12    31  13:20  82 1,5
P3NETV01 2024 12    31  13:30  85 1,3
P3NETV01 2024 12    31  13:40  76 1,3
P3NRUD01 2024 12    31  13:00   1  ,5
P3NRUD01 2024 12    31  13:10   1  ,7
P3NRUD01 2024 12    31  13:20 357 1,2
P3NRUD01 2024 12    31  13:30   1 1,2
P3NRUD01 2024 12    31  13:40 352  ,9
P3NRYC01 2024 12    31  13:00 178   2
P3NRYC01 2024 12    31  13:10 175 1,6
P3NRYC01 2024 12    31  13:20 202 1,6
P3NRYC01 2024 12    31  13:30 220 2,1
P3NRYC01 2024 12    31  13:40 213   2
P3ONDR01 2024 12    31  13:00 243 1,4
P3ONDR01 2024 12    31  13:10 240  ,6
P3ONDR01 2024 12    31  13:20 254  ,3
P3ONDR01 2024 12    31  13:30 228   1
P3ONDR01 2024 12    31  13:40   0   0
P3PRIB01 2024 12    31  13:00 119   4
P3PRIB01 2024 12    31  13:10 118 3,6
P3PRIB01 2024 12    31  13:20 117 3,6
P3PRIB01 2024 12    31  13:30 121 3,8
P3PRIB01 2024 12    31  13:40 127 3,6
P3STAN01 2024 12    31  13:00 340  ,7
P3STAN01 2024 12    31  13:10   0   0
P3STAN01 2024 12    31  13:20 321  ,1
P3STAN01 2024 12    31  13:30 340  ,2
P3STAN01 2024 12    31  13:40 337   1
U1KATU01 2024 12    31  13:00 159   2
U1KATU01 2024 12    31  13:10 158 2,1
U1KATU01 2024 12    31  13:20 158 1,9
U1KATU01 2024 12    31  13:30 155 1,9
U1KATU01 2024 12    31  13:40 152 1,9
U1KOPI01 2024 12    31  13:00   0   0
U1KOPI01 2024 12    31  13:10 277  ,7
U1KOPI01 2024 12    31  13:20   0   0
U1KOPI01 2024 12    31  13:30 272  ,6
U1KOPI01 2024 12    31  13:40 292  ,2
U1MEDE01 2024 12    31  13:00 137 1,5
U1MEDE01 2024 12    31  13:10 117  ,9
U1MEDE01 2024 12    31  13:20 110  ,8
U1MEDE01 2024 12    31  13:30 120   1
U1MEDE01 2024 12    31  13:40 289 1,4
U1MILE01 2024 12    31  13:00 247 7,9
U1MILE01 2024 12    31  13:10 249 8,3
U1MILE01 2024 12    31  13:20 248 8,3
U1MILE01 2024 12    31  13:30 248 8,8
U1MILE01 2024 12    31  13:40 243 8,8
U1NOVE01 2024 12    31  13:00  84 3,6
U1NOVE01 2024 12    31  13:10  82 3,5
U1NOVE01 2024 12    31  13:20  84 3,4
U1NOVE01 2024 12    31  13:30  84 3,3
U1NOVE01 2024 12    31  13:40  89 3,2
U1SMOL01 2024 12    31  13:00 360  ,5
U1SMOL01 2024 12    31  13:10  15  ,4
U1SMOL01 2024 12    31  13:20   4  ,5
U1SMOL01 2024 12    31  13:30 348  ,9
U1SMOL01 2024 12    31  13:40 354  ,8
U1SNEZ01 2024 12    31  13:00 137 1,9
U1SNEZ01 2024 12    31  13:10 137   2
U1SNEZ01 2024 12    31  13:20 138 1,8
U1SNEZ01 2024 12    31  13:30 136 1,7
U1SNEZ01 2024 12    31  13:40 136 1,9
U1STRJ01 2024 12    31  13:00   0   0
U1STRJ01 2024 12    31  13:10 344 1,1
U1STRJ01 2024 12    31  13:20 339  ,8
U1STRJ01 2024 12    31  13:30 328 1,1
U1STRJ01 2024 12    31  13:40 335 1,3
U1TEPL01 2024 12    31  13:00 285  ,6
U1TEPL01 2024 12    31  13:10 344  ,2
U1TEPL01 2024 12    31  13:20   1  ,4
U1TEPL01 2024 12    31  13:30   9  ,5
U1TEPL01 2024 12    31  13:40   0   0
U1ULKO01 2024 12    31  13:00 246 2,7
U1ULKO01 2024 12    31  13:10 250 2,4
U1ULKO01 2024 12    31  13:20 229   2
U1ULKO01 2024 12    31  13:30 232 2,6
U1ULKO01 2024 12    31  13:40 248 2,6
U1ULMA01 2024 12    31  13:00  67 1,2
U1ULMA01 2024 12    31  13:10  35  ,9
U1ULMA01 2024 12    31  13:20  58 1,2
U1ULMA01 2024 12    31  13:30  69   1
U1ULMA01 2024 12    31  13:40  19  ,8
U1ZATE01 2024 12    31  13:00 325  ,3
U1ZATE01 2024 12    31  13:10  23  ,3
U1ZATE01 2024 12    31  13:20  75  ,6
U1ZATE01 2024 12    31  13:30 314  ,1
U1ZATE01 2024 12    31  13:40 289  ,4
U2BEDR01 2024 12    31  13:00 171 1,3
U2BEDR01 2024 12    31  13:10 172   1
U2BEDR01 2024 12    31  13:20 159  ,9
U2BEDR01 2024 12    31  13:30 155  ,8
U2BEDR01 2024 12    31  13:40 125  ,9
U2CELI01 2024 12    31  13:00 165 1,7
U2CELI01 2024 12    31  13:10 174 1,2
U2CELI01 2024 12    31  13:20 170 1,7
U2CELI01 2024 12    31  13:30 176 1,6
U2CELI01 2024 12    31  13:40 176 1,5
U2DECI01 2024 12    31  13:00 199 2,6
U2DECI01 2024 12    31  13:10 196 2,9
U2DECI01 2024 12    31  13:20 185 2,7
U2DECI01 2024 12    31  13:30 205 2,2
U2DECI01 2024 12    31  13:40 213 2,3
U2FRYD01 2024 12    31  13:00 232 2,6
U2FRYD01 2024 12    31  13:10 210 2,1
U2FRYD01 2024 12    31  13:20 213 1,9
U2FRYD01 2024 12    31  13:30 196 2,1
U2FRYD01 2024 12    31  13:40 196 2,5
U2HEJN01 2024 12    31  13:00 275 1,1
U2HEJN01 2024 12    31  13:10 295 2,1
U2HEJN01 2024 12    31  13:20 259  ,8
U2HEJN01 2024 12    31  13:30 269  ,8
U2HEJN01 2024 12    31  13:40 325  ,3
U2JAPO01 2024 12    31  13:00 247 2,4
U2JAPO01 2024 12    31  13:10 253 2,7
U2JAPO01 2024 12    31  13:20 261   2
U2JAPO01 2024 12    31  13:30 266 2,3
U2JAPO01 2024 12    31  13:40 267 2,2
U2LIBC01 2024 12    31  13:00 127 4,7
U2LIBC01 2024 12    31  13:10 125 3,4
U2LIBC01 2024 12    31  13:20 120 3,6
U2LIBC01 2024 12    31  13:30 125 3,7
U2LIBC01 2024 12    31  13:40 134 3,9
U2SMED01 2024 12    31  13:00 146  ,7
U2SMED01 2024 12    31  13:10 138  ,5
U2SMED01 2024 12    31  13:20 137  ,6
U2SMED01 2024 12    31  13:30 150 1,1
U2SMED01 2024 12    31  13:40 159 1,1
U2STRR01 2024 12    31  13:00 145 3,3
U2STRR01 2024 12    31  13:10 154 2,5
U2STRR01 2024 12    31  13:20 148 2,8
U2STRR01 2024 12    31  13:30 152 2,8
U2STRR01 2024 12    31  13:40 146 2,5
U2VARN01 2024 12    31  13:00 138 1,9
U2VARN01 2024 12    31  13:10 124 1,4
U2VARN01 2024 12    31  13:20  94 1,6
U2VARN01 2024 12    31  13:30 122   2
U2VARN01 2024 12    31  13:40 137 1,4
